PerfectFlite SLCF
Firmware: 1.0
Software: 1.16
Serial Number: 3810
Apogee: 5608' AGL
Ground Elevation: 288' MSL
NumSamps: 2328
Flight Number: 5
Main Setting: 500' AGL
Apogee Delay: 2 Seconds
Drogue At: 20.80 Seconds
Main At: 85.50 Seconds
Max Drogue Current: 0 Amps
Max Main Current: 0 Amps
Comments: 

Data: (Time, Altitude, Velocity, Temperature (F), Voltage)
0.00, 0, 0, 46.00, 8.20
0.05, 1, 13, 46.00, 8.20
0.10, 1, 31, 46.00, 8.20
0.15, 10, 16, 45.99, 8.20
0.20, -1, 6, 46.00, 8.20
0.25, 4, 10, 46.00, 8.20
0.30, -5, 20, 46.00, 8.20
0.35, 4, 36, 46.00, 8.20
0.40, 9, 55, 45.99, 8.20
0.45, 9, 73, 46.00, 8.20
0.50, 16, 85, 46.00, 8.20
0.55, 22, 94, 45.99, 8.20
0.60, 22, 101, 46.00, 8.20
0.65, 33, 105, 46.00, 8.20
0.70, 36, 111, 45.99, 8.20
0.75, 42, 118, 46.00, 8.20
0.80, 47, 125, 46.00, 8.20
0.85, 54, 134, 46.00, 8.20
0.90, 63, 144, 46.00, 8.20
0.95, 69, 156, 46.00, 8.20
1.00, 77, 168, 46.00, 8.20
1.05, 87, 181, 46.00, 8.20
1.10, 95, 195, 46.00, 8.20
1.15, 107, 208, 46.00, 8.20
1.20, 119, 221, 45.99, 8.20
1.25, 129, 234, 46.00, 8.20
1.30, 142, 245, 46.00, 8.20
1.35, 154, 256, 45.99, 8.20
1.40, 168, 265, 46.00, 8.20
1.45, 184, 271, 45.99, 8.20
1.50, 196, 276, 46.00, 8.20
1.55, 211, 280, 45.99, 8.20
1.60, 224, 287, 46.00, 8.20
1.65, 236, 298, 45.99, 8.20
1.70, 253, 311, 46.00, 8.20
1.75, 270, 325, 46.00, 8.20
1.80, 288, 337, 46.00, 8.20
1.85, 306, 346, 46.00, 8.20
1.90, 323, 354, 45.99, 8.20
1.95, 340, 362, 45.99, 8.20
2.00, 359, 372, 45.99, 8.20
2.05, 376, 384, 45.99, 8.20
2.10, 398, 394, 45.97, 8.20
2.15, 418, 402, 45.97, 8.20
2.20, 441, 405, 45.97, 8.20
2.25, 462, 402, 45.99, 8.20
2.30, 481, 400, 45.97, 8.20
2.35, 496, 401, 45.99, 8.20
2.40, 519, 409, 45.97, 8.20
2.45, 539, 427, 45.99, 8.20
2.50, 558, 452, 45.97, 8.20
2.55, 583, 477, 45.97, 8.20
2.60, 613, 499, 45.97, 8.20
2.65, 638, 515, 45.99, 8.20
2.70, 665, 523, 45.97, 8.20
2.75, 691, 524, 45.97, 8.20
2.80, 719, 521, 45.97, 8.20
2.85, 742, 517, 45.97, 8.20
2.90, 769, 514, 45.97, 8.20
2.95, 794, 514, 45.97, 8.20
3.00, 819, 519, 45.97, 8.20
3.05, 845, 527, 45.97, 8.20
3.10, 870, 540, 45.97, 8.20
3.15, 899, 554, 45.97, 8.20
3.20, 930, 568, 45.97, 8.20
3.25, 957, 580, 45.97, 8.20
3.30, 986, 589, 45.97, 8.20
3.35, 1018, 595, 45.97, 8.20
3.40, 1048, 600, 45.97, 8.20
3.45, 1079, 605, 45.97, 8.20
3.50, 1107, 612, 45.97, 8.20
3.55, 1136, 622, 45.97, 8.20
3.60, 1170, 633, 45.97, 8.20
3.65, 1203, 644, 45.95, 8.20
3.70, 1237, 655, 45.97, 8.20
3.75, 1268, 664, 45.97, 8.20
3.80, 1302, 671, 45.97, 8.20
3.85, 1334, 674, 45.95, 8.20
3.90, 1373, 674, 45.95, 8.20
3.95, 1408, 670, 45.95, 8.20
4.00, 1437, 664, 45.95, 8.20
4.05, 1468, 658, 45.93, 8.20
4.10, 1505, 652, 45.93, 8.20
4.15, 1537, 651, 45.93, 8.20
4.20, 1563, 649, 45.93, 8.20
4.25, 1601, 645, 45.90, 8.20
4.30, 1635, 638, 45.90, 8.20
4.35, 1667, 627, 45.90, 8.20
4.40, 1696, 615, 45.90, 8.20
4.45, 1722, 606, 45.90, 8.20
4.50, 1755, 602, 45.88, 8.20
4.55, 1783, 603, 45.90, 8.20
4.60, 1815, 607, 45.90, 8.20
4.65, 1844, 611, 45.86, 8.20
4.70, 1876, 613, 45.88, 8.20
4.75, 1907, 610, 45.86, 8.20
4.80, 1941, 603, 45.86, 8.20
4.85, 1968, 594, 45.88, 8.20
4.90, 1995, 585, 45.86, 8.20
4.95, 2024, 578, 45.86, 8.20
5.00, 2054, 574, 45.86, 8.20
5.05, 2082, 572, 45.86, 8.20
5.10, 2112, 569, 45.86, 8.20
5.15, 2138, 567, 45.86, 8.20
5.20, 2167, 564, 45.84, 8.20
5.25, 2194, 561, 45.86, 8.20
5.30, 2226, 558, 45.86, 8.20
5.35, 2250, 555, 45.86, 8.20
5.40, 2277, 551, 45.86, 8.20
5.45, 2307, 547, 45.84, 8.20
5.50, 2333, 543, 45.84, 8.20
5.55, 2360, 539, 45.84, 8.20
5.60, 2387, 535, 45.84, 8.20
5.65, 2413, 533, 45.86, 8.20
5.70, 2439, 531, 45.84, 8.20
5.75, 2467, 531, 45.84, 8.20
5.80, 2491, 532, 45.86, 8.20
5.85, 2519, 533, 45.86, 8.20
5.90, 2547, 532, 45.86, 8.20
5.95, 2573, 530, 45.86, 8.20
6.00, 2599, 525, 45.86, 8.20
6.05, 2626, 519, 45.84, 8.20
6.10, 2650, 511, 45.84, 8.20
6.15, 2678, 505, 45.84, 8.20
6.20, 2700, 501, 45.84, 8.20
6.25, 2724, 500, 45.84, 8.20
6.30, 2750, 501, 45.84, 8.20
6.35, 2775, 503, 45.84, 8.20
6.40, 2801, 504, 45.84, 8.20
6.45, 2827, 500, 45.84, 8.20
6.50, 2853, 494, 45.84, 8.20
6.55, 2876, 486, 45.84, 8.20
6.60, 2899, 478, 45.84, 8.20
6.65, 2922, 473, 45.84, 8.20
6.70, 2946, 470, 45.84, 8.20
6.75, 2969, 469, 45.84, 8.20
6.80, 2993, 469, 45.84, 8.20
6.85, 3016, 469, 45.84, 8.20
6.90, 3040, 470, 45.84, 8.20
6.95, 3062, 469, 45.84, 8.20
7.00, 3087, 468, 45.84, 8.20
7.05, 3111, 464, 45.84, 8.20
7.10, 3133, 460, 45.84, 8.20
7.15, 3157, 454, 45.84, 8.20
7.20, 3178, 448, 45.84, 8.20
7.25, 3201, 445, 45.82, 8.20
7.30, 3220, 443, 45.84, 8.20
7.35, 3246, 444, 45.82, 8.20
7.40, 3265, 445, 45.84, 8.20
7.45, 3290, 445, 45.82, 8.20
7.50, 3311, 442, 45.81, 8.20
7.55, 3334, 438, 45.84, 8.20
7.60, 3356, 433, 45.81, 8.20
7.65, 3377, 428, 45.81, 8.20
7.70, 3396, 426, 45.82, 8.20
7.75, 3418, 425, 45.82, 8.20
7.80, 3439, 426, 45.81, 8.20
7.85, 3462, 425, 45.81, 8.20
7.90, 3484, 422, 45.81, 8.20
7.95, 3503, 417, 45.81, 8.20
8.00, 3525, 411, 45.81, 8.20
8.05, 3543, 406, 45.81, 8.20
8.10, 3565, 401, 45.81, 8.20
8.15, 3584, 398, 45.79, 8.20
8.20, 3604, 395, 45.81, 8.20
8.25, 3623, 392, 45.81, 8.20
8.30, 3642, 390, 45.81, 8.20
8.35, 3664, 389, 45.81, 8.20
8.40, 3681, 388, 45.81, 8.20
8.45, 3700, 388, 45.81, 8.20
8.50, 3720, 388, 45.81, 8.20
8.55, 3741, 387, 45.81, 8.20
8.60, 3759, 385, 45.81, 8.20
8.65, 3778, 382, 45.81, 8.20
8.70, 3797, 378, 45.79, 8.20
8.75, 3818, 376, 45.79, 8.20
8.80, 3832, 373, 45.81, 8.20
8.85, 3854, 371, 45.79, 8.20
8.90, 3871, 368, 45.77, 8.20
8.95, 3891, 365, 45.77, 8.20
9.00, 3908, 359, 45.77, 8.20
9.05, 3926, 354, 45.79, 8.20
9.10, 3943, 350, 45.77, 8.20
9.15, 3960, 347, 45.77, 8.20
9.20, 3977, 346, 45.77, 8.20
9.25, 3994, 346, 45.77, 8.20
9.30, 4012, 348, 45.77, 8.20
9.35, 4030, 348, 45.77, 8.20
9.40, 4047, 349, 45.77, 8.20
9.45, 4063, 348, 45.77, 8.20
9.50, 4082, 346, 45.77, 8.20
9.55, 4101, 342, 45.75, 8.20
9.60, 4116, 339, 45.77, 8.20
9.65, 4131, 335, 45.77, 8.20
9.70, 4150, 331, 45.77, 8.20
9.75, 4166, 327, 45.77, 8.20
9.80, 4182, 324, 45.77, 8.20
9.85, 4198, 321, 45.77, 8.20
9.90, 4213, 318, 45.77, 8.20
9.95, 4230, 316, 45.77, 8.20
10.00, 4244, 314, 45.77, 8.20
10.05, 4261, 313, 45.77, 8.20
10.10, 4277, 311, 45.77, 8.20
10.15, 4291, 310, 45.77, 8.20
10.20, 4307, 309, 45.77, 8.20
10.25, 4323, 308, 45.77, 8.20
10.30, 4337, 307, 45.75, 8.20
10.35, 4353, 306, 45.77, 8.20
10.40, 4369, 305, 45.75, 8.20
10.45, 4384, 303, 45.75, 8.20
10.50, 4398, 300, 45.77, 8.20
10.55, 4414, 296, 45.77, 8.20
10.60, 4429, 292, 45.75, 8.20
10.65, 4442, 289, 45.77, 8.20
10.70, 4457, 287, 45.77, 8.20
10.75, 4470, 286, 45.77, 8.20
10.80, 4485, 286, 45.77, 8.20
10.85, 4499, 285, 45.75, 8.20
10.90, 4515, 284, 45.73, 8.20
10.95, 4528, 281, 45.77, 8.20
11.00, 4543, 278, 45.77, 8.20
11.05, 4554, 275, 45.77, 8.20
11.10, 4569, 272, 45.77, 8.20
11.15, 4584, 269, 45.77, 8.20
11.20, 4595, 267, 45.77, 8.20
11.25, 4609, 265, 45.77, 8.20
11.30, 4623, 263, 45.77, 8.20
11.35, 4635, 263, 45.77, 8.20
11.40, 4647, 262, 45.77, 8.20
11.45, 4662, 261, 45.77, 8.20
11.50, 4675, 260, 45.77, 8.20
11.55, 4688, 259, 45.77, 8.20
11.60, 4699, 257, 45.77, 8.20
11.65, 4714, 255, 45.75, 8.20
11.70, 4725, 253, 45.77, 8.20
11.75, 4739, 249, 45.75, 8.20
11.80, 4752, 245, 45.75, 8.20
11.85, 4762, 240, 45.77, 8.20
11.90, 4775, 236, 45.75, 8.20
11.95, 4785, 234, 45.77, 8.20
12.00, 4797, 233, 45.75, 8.20
12.05, 4810, 234, 45.75, 8.20
12.10, 4820, 235, 45.77, 8.20
12.15, 4832, 235, 45.77, 8.20
12.20, 4845, 234, 45.77, 8.20
12.25, 4857, 232, 45.75, 8.20
12.30, 4869, 228, 45.77, 8.20
12.35, 4878, 226, 45.77, 8.20
12.40, 4888, 225, 45.77, 8.20
12.45, 4902, 224, 45.77, 8.20
12.50, 4913, 223, 45.77, 8.20
12.55, 4924, 220, 45.75, 8.20
12.60, 4934, 217, 45.77, 8.20
12.65, 4946, 213, 45.75, 8.20
12.70, 4955, 210, 45.77, 8.20
12.75, 4966, 209, 45.77, 8.20
12.80, 4975, 208, 45.77, 8.20
12.85, 4987, 208, 45.77, 8.20
12.90, 4997, 207, 45.77, 8.20
12.95, 5008, 205, 45.75, 8.20
13.00, 5018, 202, 45.77, 8.20
13.05, 5027, 200, 45.77, 8.20
13.10, 5037, 197, 45.77, 8.20
13.15, 5047, 195, 45.77, 8.20
13.20, 5057, 194, 45.75, 8.20
13.25, 5066, 192, 45.77, 8.20
13.30, 5076, 192, 45.77, 8.20
13.35, 5084, 191, 45.77, 8.20
13.40, 5096, 189, 45.77, 8.20
13.45, 5104, 187, 45.77, 8.20
13.50, 5114, 184, 45.77, 8.20
13.55, 5123, 180, 45.77, 8.20
13.60, 5131, 178, 45.77, 8.20
13.65, 5139, 177, 45.77, 8.20
13.70, 5149, 177, 45.77, 8.20
13.75, 5158, 177, 45.77, 8.20
13.80, 5167, 175, 45.77, 8.20
13.85, 5175, 173, 45.77, 8.20
13.90, 5185, 170, 45.75, 8.20
13.95, 5192, 168, 45.77, 8.20
14.00, 5200, 166, 45.77, 8.20
14.05, 5208, 164, 45.77, 8.20
14.10, 5217, 163, 45.77, 8.20
14.15, 5226, 161, 45.75, 8.20
14.20, 5233, 159, 45.77, 8.20
14.25, 5239, 157, 45.77, 8.20
14.30, 5249, 154, 45.75, 8.20
14.35, 5257, 151, 45.75, 8.20
14.40, 5263, 149, 45.77, 8.20
14.45, 5270, 148, 45.75, 8.20
14.50, 5278, 147, 45.75, 8.20
14.55, 5285, 148, 45.77, 8.20
14.60, 5292, 148, 45.77, 8.20
14.65, 5301, 147, 45.77, 8.20
14.70, 5308, 146, 45.77, 8.20
14.75, 5314, 143, 45.75, 8.20
14.80, 5322, 140, 45.77, 8.20
14.85, 5329, 137, 45.75, 8.20
14.90, 5335, 134, 45.77, 8.20
14.95, 5342, 130, 45.75, 8.20
15.00, 5349, 127, 45.73, 8.20
15.05, 5354, 125, 45.77, 8.20
15.10, 5360, 123, 45.77, 8.20
15.15, 5366, 124, 45.77, 8.20
15.20, 5372, 125, 45.77, 8.20
15.25, 5379, 126, 45.77, 8.20
15.30, 5386, 126, 45.75, 8.20
15.35, 5392, 124, 45.77, 8.20
15.40, 5398, 120, 45.75, 8.20
15.45, 5404, 116, 45.77, 8.20
15.50, 5410, 113, 45.75, 8.20
15.55, 5413, 111, 45.77, 8.20
15.60, 5420, 110, 45.75, 8.20
15.65, 5426, 110, 45.77, 8.20
15.70, 5431, 110, 45.77, 8.20
15.75, 5437, 109, 45.73, 8.20
15.80, 5442, 108, 45.75, 8.20
15.85, 5447, 106, 45.75, 8.20
15.90, 5453, 104, 45.77, 8.20
15.95, 5457, 102, 45.77, 8.20
16.00, 5464, 100, 45.77, 8.20
16.05, 5467, 97, 45.77, 8.20
16.10, 5473, 93, 45.75, 8.20
16.15, 5477, 90, 45.77, 8.20
16.20, 5481, 89, 45.75, 8.20
16.25, 5485, 88, 45.77, 8.20
16.30, 5489, 87, 45.77, 8.20
16.35, 5495, 87, 45.73, 8.20
16.40, 5498, 85, 45.77, 8.20
16.45, 5504, 83, 45.73, 8.20
16.50, 5507, 80, 45.77, 8.20
16.55, 5509, 77, 45.77, 8.20
16.60, 5515, 75, 45.77, 8.20
16.65, 5518, 73, 45.77, 8.20
16.70, 5522, 72, 45.77, 8.20
16.75, 5525, 71, 45.77, 8.20
16.80, 5527, 70, 45.77, 8.20
16.85, 5533, 70, 45.75, 8.20
16.90, 5535, 69, 45.75, 8.20
16.95, 5539, 67, 45.75, 8.20
17.00, 5543, 64, 45.75, 8.20
17.05, 5546, 62, 45.77, 8.20
17.10, 5547, 59, 45.77, 8.20
17.15, 5551, 57, 45.75, 8.20
17.20, 5553, 57, 45.77, 8.20
17.25, 5557, 56, 45.77, 8.20
17.30, 5560, 56, 45.75, 8.20
17.35, 5561, 56, 45.77, 8.20
17.40, 5565, 55, 45.75, 8.20
17.45, 5569, 53, 45.75, 8.20
17.50, 5569, 52, 45.75, 8.20
17.55, 5572, 50, 45.75, 8.20
17.60, 5577, 47, 45.73, 8.20
17.65, 5578, 45, 45.77, 8.20
17.70, 5578, 43, 45.75, 8.20
17.75, 5582, 40, 45.75, 8.20
17.80, 5584, 39, 45.75, 8.20
17.85, 5585, 37, 45.77, 8.20
17.90, 5587, 36, 45.75, 8.20
17.95, 5589, 34, 45.75, 8.20
18.00, 5591, 33, 45.75, 8.20
18.05, 5591, 32, 45.77, 8.20
18.10, 5594, 31, 45.75, 8.20
18.15, 5595, 30, 45.77, 8.20
18.20, 5597, 29, 45.75, 8.20
18.25, 5598, 27, 45.75, 8.20
18.30, 5599, 25, 45.75, 8.20
18.35, 5600, 23, 45.75, 8.20
18.40, 5602, 22, 45.75, 8.20
18.45, 5602, 20, 45.77, 8.20
18.50, 5604, 18, 45.77, 8.20
18.55, 5604, 16, 45.75, 8.20
18.60, 5605, 14, 45.75, 8.20
18.65, 5605, 12, 45.77, 8.20
18.70, 5606, 10, 45.73, 8.20
18.75, 5607, 9, 45.73, 8.20
18.80, 5606, 9, 45.75, 8.20
18.85, 5607, 8, 45.73, 8.20
18.90, 5608, 9, 45.73, 8.20
18.95, 5606, 10, 45.77, 8.20
19.00, 5610, 9, 45.73, 8.20
19.05, 5610, 7, 45.75, 8.20
19.10, 5608, 5, 45.75, 8.20
19.15, 5610, 0, 45.73, 8.20
19.20, 5610, -4, 45.73, 8.20
19.25, 5609, -6, 45.75, 8.20
19.30, 5607, -7, 45.75, 8.20
19.35, 5607, -6, 45.75, 8.20
19.40, 5608, -5, 45.73, 8.20
19.45, 5607, -3, 45.75, 8.20
19.50, 5607, -3, 45.77, 8.20
19.55, 5608, -5, 45.75, 8.20
19.60, 5608, -10, 45.77, 8.20
19.65, 5607, -15, 45.73, 8.20
19.70, 5605, -11, 45.75, 8.20
19.75, 5603, -3, 45.73, 8.20
19.80, 5602, 9, 45.73, 8.20
19.85, 5602, 24, 45.75, 8.20
19.90, 5599, 22, 45.75, 8.20
19.95, 5638, 10, 45.73, 8.20
20.00, 5603, -6, 45.73, 8.20
20.05, 5604, -25, 45.73, 8.20
20.10, 5603, -39, 45.73, 8.20
20.15, 5602, -34, 45.73, 8.20
20.20, 5602, -29, 45.73, 8.20
20.25, 5599, -23, 45.73, 8.20
20.30, 5599, -15, 45.73, 8.20
20.35, 5602, -15, 45.70, 8.20
20.40, 5600, -13, 45.73, 8.20
20.45, 5595, -9, 45.73, 8.20
20.50, 5592, -3, 45.73, 8.20
20.55, 5598, 3, 45.73, 8.20
20.60, 5605, 2, 45.70, 8.20
20.65, 5600, -2, 45.73, 8.20
20.70, 5592, -11, 45.70, 8.20
20.75, 5598, -27, 45.70, 8.20
20.80, 5606, -39, 45.70, 8.20
20.85, 5587, -57, 45.70, 8.20
20.90, 5585, -73, 45.70, 8.20
20.95, 5587, -82, 45.70, 8.20
21.00, 5585, -86, 45.70, 8.20
21.05, 5584, -70, 45.70, 8.20
21.10, 5578, -55, 45.70, 8.20
21.15, 5574, -42, 45.68, 8.20
21.20, 5597, -34, 45.68, 8.20
21.25, 5599, -37, 45.66, 8.20
21.30, 5566, -39, 45.66, 8.20
21.35, 5580, -41, 45.66, 8.20
21.40, 5541, -42, 45.66, 8.20
21.45, 5526, -43, 45.66, 8.20
21.50, 5509, -45, 45.63, 8.20
21.55, 5509, -48, 45.63, 8.20
21.60, 5534, -51, 45.63, 8.20
21.65, 5555, -53, 45.64, 8.20
21.70, 5530, -53, 45.63, 8.20
21.75, 5536, -51, 45.61, 8.20
21.80, 5544, -45, 45.61, 8.20
21.85, 5534, -38, 45.61, 8.20
21.90, 5535, -33, 45.61, 8.20
21.95, 5557, -31, 45.61, 8.20
22.00, 5555, -33, 45.61, 8.20
22.05, 5559, -40, 45.61, 8.20
22.10, 5543, -45, 45.61, 8.20
22.15, 5535, -49, 45.61, 8.20
22.20, 5518, -53, 45.61, 8.20
22.25, 5524, -52, 45.61, 8.20
22.30, 5521, -50, 45.59, 8.20
22.35, 5518, -46, 45.61, 8.20
22.40, 5516, -39, 45.61, 8.20
22.45, 5508, -33, 45.61, 8.20
22.50, 5503, -30, 45.59, 8.20
22.55, 5501, -31, 45.61, 8.20
22.60, 5498, -37, 45.61, 8.20
22.65, 5487, -45, 45.61, 8.20
22.70, 5482, -53, 45.61, 8.20
22.75, 5502, -62, 45.61, 8.20
22.80, 5520, -73, 45.61, 8.20
22.85, 5537, -85, 45.59, 8.20
22.90, 5542, -97, 45.57, 8.20
22.95, 5541, -107, 45.61, 8.20
23.00, 5492, -109, 45.61, 8.20
23.05, 5482, -105, 45.61, 8.20
23.10, 5478, -97, 45.61, 8.20
23.15, 5479, -90, 45.61, 8.20
23.20, 5505, -88, 45.61, 8.20
23.25, 5467, -91, 45.61, 8.20
23.30, 5459, -95, 45.61, 8.20
23.35, 5468, -98, 45.61, 8.20
23.40, 5477, -97, 45.61, 8.20
23.45, 5476, -92, 45.57, 8.20
23.50, 5464, -85, 45.57, 8.20
23.55, 5458, -77, 45.57, 8.20
23.60, 5451, -71, 45.57, 8.20
23.65, 5437, -68, 45.57, 8.20
23.70, 5418, -71, 45.57, 8.20
23.75, 5408, -80, 45.57, 8.20
23.80, 5374, -96, 45.57, 8.20
23.85, 5348, -111, 45.57, 8.20
23.90, 5321, -121, 45.57, 8.20
23.95, 5315, -122, 45.57, 8.20
24.00, 5327, -112, 45.54, 8.20
24.05, 5361, -99, 45.54, 8.20
24.10, 5387, -90, 45.54, 8.20
24.15, 5386, -88, 45.54, 8.20
24.20, 5344, -94, 45.52, 8.20
24.25, 5314, -101, 45.48, 8.20
24.30, 5310, -105, 45.48, 8.20
24.35, 5320, -104, 45.46, 8.20
24.40, 5326, -99, 45.46, 8.20
24.45, 5338, -94, 45.46, 8.20
24.50, 5344, -89, 45.46, 8.20
24.55, 5366, -85, 45.43, 8.20
24.60, 5374, -80, 45.41, 8.20
24.65, 5370, -75, 45.43, 8.20
24.70, 5364, -70, 45.43, 8.20
24.75, 5334, -65, 45.43, 8.20
24.80, 5317, -60, 45.41, 8.20
24.85, 5279, -56, 45.41, 8.20
24.90, 5233, -54, 45.41, 8.20
24.95, 5250, -55, 45.41, 8.20
25.00, 5325, -59, 45.43, 8.20
25.05, 5356, -63, 45.41, 8.20
25.10, 5340, -64, 45.39, 8.20
25.15, 5300, -61, 45.39, 8.20
25.20, 5252, -53, 45.37, 8.20
25.25, 5237, -45, 45.37, 8.20
25.30, 5256, -41, 45.37, 8.20
25.35, 5285, -42, 45.36, 8.20
25.40, 5299, -47, 45.34, 8.20
25.45, 5296, -52, 45.34, 8.20
25.50, 5287, -57, 45.32, 8.20
25.55, 5290, -62, 45.28, 8.20
25.60, 5288, -65, 45.28, 8.20
25.65, 5290, -67, 45.28, 8.20
25.70, 5285, -65, 45.28, 8.20
25.75, 5258, -59, 45.34, 8.20
25.80, 5231, -50, 45.34, 8.20
25.85, 5225, -44, 45.34, 8.20
25.90, 5225, -42, 45.34, 8.20
25.95, 5224, -49, 45.34, 8.20
26.00, 5230, -61, 45.32, 8.20
26.05, 5238, -70, 45.32, 8.20
26.10, 5234, -73, 45.28, 8.20
26.15, 5245, -70, 45.28, 8.20
26.20, 5252, -63, 45.32, 8.20
26.25, 5253, -61, 45.32, 8.20
26.30, 5252, -63, 45.34, 8.20
26.35, 5226, -70, 45.34, 8.20
26.40, 5224, -76, 45.28, 8.20
26.45, 5237, -79, 45.32, 8.20
26.50, 5250, -77, 45.32, 8.20
26.55, 5241, -72, 45.28, 8.20
26.60, 5229, -68, 45.28, 8.20
26.65, 5224, -64, 45.28, 8.20
26.70, 5214, -62, 45.28, 8.20
26.75, 5204, -59, 45.27, 8.20
26.80, 5201, -56, 45.27, 8.20
26.85, 5208, -54, 45.27, 8.20
26.90, 5194, -54, 45.28, 8.20
26.95, 5178, -56, 45.28, 8.20
27.00, 5179, -61, 45.28, 8.20
27.05, 5172, -67, 45.28, 8.20
27.10, 5157, -73, 45.28, 8.20
27.15, 5151, -79, 45.28, 8.20
27.20, 5144, -84, 45.28, 8.20
27.25, 5151, -88, 45.28, 8.20
27.30, 5146, -92, 45.28, 8.20
27.35, 5129, -95, 45.28, 8.20
27.40, 5122, -96, 45.28, 8.20
27.45, 5122, -96, 45.28, 8.20
27.50, 5156, -93, 45.25, 8.20
27.55, 5181, -88, 45.25, 8.20
27.60, 5163, -82, 45.25, 8.20
27.65, 5150, -77, 45.28, 8.20
27.70, 5137, -75, 45.28, 8.20
27.75, 5130, -74, 45.32, 8.20
27.80, 5130, -74, 45.32, 8.20
27.85, 5125, -76, 45.32, 8.20
27.90, 5128, -76, 45.28, 8.20
27.95, 5112, -77, 45.28, 8.20
28.00, 5100, -76, 45.28, 8.20
28.05, 5094, -72, 45.32, 8.20
28.10, 5088, -70, 45.32, 8.20
28.15, 5085, -68, 45.28, 8.20
28.20, 5085, -67, 45.28, 8.20
28.25, 5064, -67, 45.28, 8.20
28.30, 5042, -67, 45.28, 8.20
28.35, 5035, -66, 45.28, 8.20
28.40, 5043, -68, 45.28, 8.20
28.45, 5052, -73, 45.27, 8.20
28.50, 5066, -79, 45.25, 8.20
28.55, 5075, -86, 45.25, 8.20
28.60, 5087, -91, 45.25, 8.20
28.65, 5083, -93, 45.25, 8.20
28.70, 5050, -92, 45.25, 8.20
28.75, 5053, -90, 45.25, 8.20
28.80, 5051, -89, 45.25, 8.20
28.85, 5082, -89, 45.25, 8.20
28.90, 5009, -89, 45.25, 8.20
28.95, 4990, -88, 45.25, 8.20
29.00, 5048, -87, 45.23, 8.20
29.05, 5040, -86, 45.23, 8.20
29.10, 5023, -86, 45.21, 8.20
29.15, 5006, -85, 45.23, 8.20
29.20, 5017, -83, 45.23, 8.20
29.25, 5005, -79, 45.23, 8.20
29.30, 5021, -76, 45.23, 8.20
29.35, 4996, -75, 45.23, 8.20
29.40, 4991, -76, 45.23, 8.20
29.45, 4999, -82, 45.23, 8.20
29.50, 5001, -90, 45.21, 8.20
29.55, 4989, -97, 45.21, 8.20
29.60, 4948, -103, 45.21, 8.20
29.65, 4948, -106, 45.19, 8.20
29.70, 4968, -106, 45.16, 8.20
29.75, 4970, -105, 45.18, 8.20
29.80, 4947, -101, 45.19, 8.20
29.85, 4943, -99, 45.19, 8.20
29.90, 4937, -96, 45.19, 8.20
29.95, 4939, -95, 45.19, 8.20
30.00, 4926, -97, 45.19, 8.20
30.05, 4921, -97, 45.21, 8.20
30.10, 4918, -97, 45.19, 8.20
30.15, 4912, -98, 45.21, 8.20
30.20, 4907, -99, 45.19, 8.20
30.25, 4904, -100, 45.19, 8.20
30.30, 4900, -104, 45.19, 8.20
30.35, 4902, -106, 45.16, 8.20
30.40, 4908, -107, 45.16, 8.20
30.45, 4891, -107, 45.16, 8.20
30.50, 4877, -105, 45.16, 8.20
30.55, 4870, -103, 45.18, 8.20
30.60, 4862, -100, 45.19, 8.20
30.65, 4853, -98, 45.19, 8.20
30.70, 4852, -98, 45.19, 8.20
30.75, 4853, -99, 45.19, 8.20
30.80, 4853, -100, 45.19, 8.20
30.85, 4853, -99, 45.19, 8.20
30.90, 4845, -98, 45.19, 8.20
30.95, 4829, -95, 45.19, 8.20
31.00, 4827, -91, 45.19, 8.20
31.05, 4836, -89, 45.16, 8.20
31.10, 4839, -87, 45.16, 8.20
31.15, 4828, -86, 45.16, 8.20
31.20, 4813, -86, 45.18, 8.20
31.25, 4794, -85, 45.16, 8.20
31.30, 4796, -85, 45.16, 8.20
31.35, 4793, -86, 45.18, 8.20
31.40, 4787, -85, 45.18, 8.20
31.45, 4781, -83, 45.16, 8.20
31.50, 4774, -78, 45.18, 8.20
31.55, 4770, -72, 45.16, 8.20
31.60, 4772, -68, 45.16, 8.20
31.65, 4778, -66, 45.14, 8.20
31.70, 4766, -67, 45.14, 8.20
31.75, 4755, -69, 45.16, 8.20
31.80, 4747, -71, 45.16, 8.20
31.85, 4741, -71, 45.16, 8.20
31.90, 4748, -70, 45.16, 8.20
31.95, 4754, -69, 45.16, 8.20
32.00, 4752, -70, 45.16, 8.20
32.05, 4755, -73, 45.16, 8.20
32.10, 4742, -75, 45.16, 8.20
32.15, 4734, -75, 45.16, 8.20
32.20, 4732, -71, 45.16, 8.20
32.25, 4758, -66, 45.18, 8.20
32.30, 4726, -61, 45.14, 8.20
32.35, 4733, -58, 45.16, 8.20
32.40, 4714, -57, 45.16, 8.20
32.45, 4726, -59, 45.16, 8.20
32.50, 4734, -62, 45.16, 8.20
32.55, 4733, -65, 45.14, 8.20
32.60, 4746, -68, 45.14, 8.20
32.65, 4723, -68, 45.14, 8.20
32.70, 4713, -68, 45.14, 8.20
32.75, 4708, -66, 45.16, 8.20
32.80, 4714, -66, 45.14, 8.20
32.85, 4701, -66, 45.14, 8.20
32.90, 4699, -68, 45.14, 8.20
32.95, 4717, -68, 45.14, 8.20
33.00, 4697, -66, 45.14, 8.20
33.05, 4671, -63, 45.14, 8.20
33.10, 4659, -59, 45.14, 8.20
33.15, 4672, -56, 45.14, 8.20
33.20, 4685, -56, 45.14, 8.20
33.25, 4670, -59, 45.14, 8.20
33.30, 4689, -65, 45.09, 8.20
33.35, 4694, -78, 45.09, 8.20
33.40, 4658, -93, 45.14, 8.20
33.45, 4655, -109, 45.14, 8.20
33.50, 4644, -121, 45.10, 8.20
33.55, 4631, -123, 45.14, 8.20
33.60, 4636, -118, 45.10, 8.20
33.65, 4632, -107, 45.09, 8.20
33.70, 4630, -96, 45.10, 8.20
33.75, 4629, -93, 45.10, 8.20
33.80, 4616, -97, 45.09, 8.20
33.85, 4611, -103, 45.14, 8.20
33.90, 4609, -103, 45.14, 8.20
33.95, 4620, -95, 45.10, 8.20
34.00, 4618, -80, 45.14, 8.20
34.05, 4648, -65, 45.09, 8.20
34.10, 4631, -59, 45.09, 8.20
34.15, 4628, -59, 45.09, 8.20
34.20, 4636, -66, 45.09, 8.20
34.25, 4630, -74, 45.10, 8.20
34.30, 4594, -80, 45.09, 8.20
34.35, 4554, -84, 45.09, 8.20
34.40, 4487, -87, 45.09, 8.20
34.45, 4465, -87, 45.07, 8.20
34.50, 4470, -85, 45.07, 8.20
34.55, 4487, -82, 45.07, 8.20
34.60, 4505, -79, 45.03, 8.20
34.65, 4578, -79, 45.01, 8.20
34.70, 4551, -82, 45.01, 8.20
34.75, 4531, -88, 45.01, 8.20
34.80, 4508, -93, 45.01, 8.20
34.85, 4453, -96, 45.00, 8.20
34.90, 4444, -98, 45.00, 8.20
34.95, 4552, -101, 45.00, 8.20
35.00, 4644, -106, 44.98, 8.20
35.05, 4570, -110, 44.96, 8.20
35.10, 4528, -110, 44.94, 8.20
35.15, 4555, -105, 44.94, 8.20
35.20, 4536, -98, 44.94, 8.20
35.25, 4535, -86, 44.89, 8.20
35.30, 4505, -74, 44.89, 8.20
35.35, 4489, -62, 44.89, 8.20
35.40, 4482, -51, 44.89, 8.20
35.45, 4477, -46, 44.89, 8.20
35.50, 4467, -48, 44.89, 8.20
35.55, 4473, -55, 44.89, 8.20
35.60, 4497, -64, 44.89, 8.20
35.65, 4511, -72, 44.89, 8.20
35.70, 4450, -72, 44.89, 8.20
35.75, 4394, -66, 44.89, 8.20
35.80, 4400, -59, 44.89, 8.20
35.85, 4450, -57, 44.89, 8.20
35.90, 4455, -63, 44.89, 8.20
35.95, 4413, -78, 44.89, 8.20
36.00, 4386, -94, 44.89, 8.20
36.05, 4463, -105, 44.89, 8.20
36.10, 4448, -110, 44.89, 8.20
36.15, 4442, -108, 44.83, 8.20
36.20, 4453, -102, 44.82, 8.20
36.25, 4426, -96, 44.83, 8.20
36.30, 4444, -90, 44.85, 8.20
36.35, 4412, -83, 44.85, 8.20
36.40, 4397, -79, 44.85, 8.20
36.45, 4393, -78, 44.85, 8.20
36.50, 4391, -80, 44.85, 8.20
36.55, 4387, -85, 44.85, 8.20
36.60, 4389, -87, 44.85, 8.20
36.65, 4395, -86, 44.82, 8.20
36.70, 4391, -82, 44.82, 8.20
36.75, 4387, -80, 44.82, 8.20
36.80, 4391, -82, 44.82, 8.20
36.85, 4393, -90, 44.82, 8.20
36.90, 4396, -97, 44.82, 8.20
36.95, 4386, -103, 44.82, 8.20
37.00, 4353, -107, 44.83, 8.20
37.05, 4326, -111, 44.85, 8.20
37.10, 4326, -115, 44.85, 8.20
37.15, 4333, -117, 44.82, 8.20
37.20, 4342, -117, 44.82, 8.20
37.25, 4340, -112, 44.82, 8.20
37.30, 4326, -106, 44.80, 8.20
37.35, 4336, -97, 44.80, 8.20
37.40, 4338, -89, 44.80, 8.20
37.45, 4326, -83, 44.80, 8.20
37.50, 4314, -80, 44.82, 8.20
37.55, 4305, -83, 44.82, 8.20
37.60, 4298, -90, 44.82, 8.20
37.65, 4294, -99, 44.82, 8.20
37.70, 4288, -106, 44.82, 8.20
37.75, 4279, -110, 44.82, 8.20
37.80, 4255, -109, 44.82, 8.20
37.85, 4227, -104, 44.83, 8.20
37.90, 4207, -97, 44.82, 8.20
37.95, 4200, -91, 44.82, 8.20
38.00, 4193, -88, 44.83, 8.20
38.05, 4193, -89, 44.83, 8.20
38.10, 4205, -93, 44.83, 8.20
38.15, 4214, -98, 44.82, 8.20
38.20, 4216, -100, 44.82, 8.20
38.25, 4217, -98, 44.82, 8.20
38.30, 4225, -95, 44.82, 8.20
38.35, 4232, -92, 44.82, 8.20
38.40, 4241, -90, 44.80, 8.20
38.45, 4246, -89, 44.80, 8.20
38.50, 4246, -86, 44.80, 8.20
38.55, 4224, -82, 44.80, 8.20
38.60, 4191, -76, 44.80, 8.20
38.65, 4173, -70, 44.80, 8.20
38.70, 4159, -64, 44.80, 8.20
38.75, 4161, -61, 44.80, 8.20
38.80, 4187, -60, 44.80, 8.20
38.85, 4209, -61, 44.80, 8.20
38.90, 4212, -64, 44.80, 8.20
38.95, 4200, -70, 44.80, 8.20
39.00, 4174, -75, 44.80, 8.20
39.05, 4145, -81, 44.80, 8.20
39.10, 4126, -86, 44.80, 8.20
39.15, 4126, -91, 44.78, 8.20
39.20, 4139, -96, 44.76, 8.20
39.25, 4159, -101, 44.78, 8.20
39.30, 4166, -107, 44.76, 8.20
39.35, 4162, -113, 44.76, 8.20
39.40, 4148, -115, 44.71, 8.20
39.45, 4136, -110, 44.71, 8.20
39.50, 4138, -96, 44.71, 8.20
39.55, 4151, -75, 44.69, 8.20
39.60, 4160, -51, 44.69, 8.20
39.65, 4171, -32, 44.67, 8.20
39.70, 4166, -23, 44.67, 8.20
39.75, 4141, -23, 44.65, 8.20
39.80, 4116, -29, 44.65, 8.20
39.85, 4091, -35, 44.64, 8.20
39.90, 4057, -37, 44.62, 8.20
39.95, 4050, -37, 44.62, 8.20
40.00, 4038, -33, 44.62, 8.20
40.05, 4030, -31, 44.62, 8.20
40.10, 4032, -33, 44.58, 8.20
40.15, 4032, -41, 44.58, 8.20
40.20, 4027, -53, 44.58, 8.20
40.25, 4019, -64, 44.58, 8.20
40.30, 4008, -70, 44.58, 8.20
40.35, 4001, -69, 44.60, 8.20
40.40, 3999, -65, 44.58, 8.20
40.45, 4021, -62, 44.58, 8.20
40.50, 4060, -63, 44.58, 8.20
40.55, 4118, -65, 44.58, 8.20
40.60, 4150, -68, 44.58, 8.20
40.65, 4155, -69, 44.58, 8.20
40.70, 4139, -67, 44.56, 8.20
40.75, 4099, -61, 44.56, 8.20
40.80, 4133, -53, 44.58, 8.20
40.85, 4134, -43, 44.56, 8.20
40.90, 4119, -34, 44.56, 8.20
40.95, 4102, -27, 44.56, 8.20
41.00, 4101, -23, 44.55, 8.20
41.05, 4089, -22, 44.56, 8.20
41.10, 4072, -23, 44.56, 8.20
41.15, 4032, -25, 44.56, 8.20
41.20, 4005, -27, 44.56, 8.20
41.25, 3992, -27, 44.56, 8.20
41.30, 4014, -26, 44.55, 8.20
41.35, 4049, -27, 44.55, 8.20
41.40, 4034, -31, 44.55, 8.20
41.45, 4013, -40, 44.56, 8.20
41.50, 4022, -52, 44.51, 8.20
41.55, 4032, -68, 44.51, 8.20
41.60, 4012, -84, 44.51, 8.20
41.65, 4032, -98, 44.51, 8.20
41.70, 4015, -109, 44.51, 8.20
41.75, 4006, -113, 44.51, 8.20
41.80, 4008, -113, 44.51, 8.20
41.85, 4003, -109, 44.51, 8.20
41.90, 4003, -103, 44.49, 8.20
41.95, 3997, -98, 44.47, 8.20
42.00, 3999, -93, 44.47, 8.20
42.05, 3986, -86, 44.47, 8.20
42.10, 3982, -76, 44.49, 8.20
42.15, 3967, -67, 44.49, 8.20
42.20, 3962, -61, 44.51, 8.20
42.25, 3953, -61, 44.51, 8.20
42.30, 3956, -68, 44.51, 8.20
42.35, 3965, -76, 44.56, 8.20
42.40, 3961, -81, 44.51, 8.20
42.45, 3961, -83, 44.56, 8.20
42.50, 3972, -82, 44.55, 8.20
42.55, 3991, -81, 44.55, 8.20
42.60, 3965, -81, 44.56, 8.20
42.65, 3896, -83, 44.55, 8.20
42.70, 3861, -85, 44.51, 8.20
42.75, 3903, -87, 44.51, 8.20
42.80, 3925, -88, 44.51, 8.20
42.85, 3920, -87, 44.47, 8.20
42.90, 3916, -85, 44.47, 8.20
42.95, 3915, -84, 44.46, 8.20
43.00, 3912, -83, 44.47, 8.20
43.05, 3908, -81, 44.47, 8.20
43.10, 3902, -79, 44.47, 8.20
43.15, 3910, -76, 44.47, 8.20
43.20, 3935, -74, 44.47, 8.20
43.25, 3883, -72, 44.47, 8.20
43.30, 3844, -72, 44.47, 8.20
43.35, 3863, -75, 44.47, 8.20
43.40, 3869, -80, 44.44, 8.20
43.45, 3861, -84, 44.44, 8.20
43.50, 3865, -85, 44.44, 8.20
43.55, 3870, -81, 44.44, 8.20
43.60, 3872, -73, 44.44, 8.20
43.65, 3858, -64, 44.44, 8.20
43.70, 3822, -60, 44.44, 8.20
43.75, 3822, -64, 44.44, 8.20
43.80, 3840, -70, 44.44, 8.20
43.85, 3845, -78, 44.44, 8.20
43.90, 3833, -83, 44.44, 8.20
43.95, 3833, -85, 44.44, 8.20
44.00, 3823, -87, 44.44, 8.20
44.05, 3825, -89, 44.44, 8.20
44.10, 3824, -92, 44.44, 8.20
44.15, 3815, -92, 44.44, 8.20
44.20, 3816, -89, 44.42, 8.20
44.25, 3828, -81, 44.40, 8.20
44.30, 3823, -74, 44.40, 8.20
44.35, 3806, -69, 44.42, 8.20
44.40, 3798, -66, 44.42, 8.20
44.45, 3790, -66, 44.44, 8.20
44.50, 3801, -67, 44.44, 8.20
44.55, 3806, -69, 44.44, 8.20
44.60, 3794, -71, 44.44, 8.20
44.65, 3803, -72, 44.44, 8.20
44.70, 3783, -72, 44.42, 8.20
44.75, 3775, -72, 44.42, 8.20
44.80, 3744, -71, 44.42, 8.20
44.85, 3749, -71, 44.42, 8.20
44.90, 3756, -70, 44.38, 8.20
44.95, 3747, -69, 44.40, 8.20
45.00, 3737, -68, 44.42, 8.20
45.05, 3727, -68, 44.42, 8.20
45.10, 3720, -70, 44.42, 8.20
45.15, 3717, -72, 44.42, 8.20
45.20, 3732, -74, 44.42, 8.20
45.25, 3732, -75, 44.42, 8.20
45.30, 3732, -75, 44.38, 8.20
45.35, 3738, -74, 44.38, 8.20
45.40, 3733, -75, 44.38, 8.20
45.45, 3748, -76, 44.40, 8.20
45.50, 3736, -79, 44.40, 8.20
45.55, 3722, -81, 44.38, 8.20
45.60, 3704, -82, 44.38, 8.20
45.65, 3699, -81, 44.38, 8.20
45.70, 3685, -78, 44.38, 8.20
45.75, 3695, -75, 44.38, 8.20
45.80, 3695, -73, 44.40, 8.20
45.85, 3706, -73, 44.42, 8.20
45.90, 3701, -77, 44.40, 8.20
45.95, 3685, -83, 44.40, 8.20
46.00, 3704, -87, 44.40, 8.20
46.05, 3689, -88, 44.42, 8.20
46.10, 3671, -86, 44.38, 8.20
46.15, 3674, -82, 44.40, 8.20
46.20, 3674, -79, 44.38, 8.20
46.25, 3661, -78, 44.38, 8.20
46.30, 3671, -79, 44.31, 8.20
46.35, 3664, -81, 44.35, 8.20
46.40, 3657, -82, 44.35, 8.20
46.45, 3636, -82, 44.37, 8.20
46.50, 3629, -81, 44.35, 8.20
46.55, 3639, -78, 44.35, 8.20
46.60, 3645, -75, 44.35, 8.20
46.65, 3629, -73, 44.35, 8.20
46.70, 3625, -71, 44.35, 8.20
46.75, 3601, -71, 44.37, 8.20
46.80, 3626, -72, 44.31, 8.20
46.85, 3634, -74, 44.35, 8.20
46.90, 3571, -80, 44.35, 8.20
46.95, 3539, -88, 44.35, 8.20
47.00, 3537, -97, 44.31, 8.20
47.05, 3559, -104, 44.31, 8.20
47.10, 3575, -106, 44.28, 8.20
47.15, 3576, -103, 44.31, 8.20
47.20, 3580, -100, 44.28, 8.20
47.25, 3590, -98, 44.29, 8.20
47.30, 3571, -98, 44.29, 8.20
47.35, 3574, -97, 44.28, 8.20
47.40, 3579, -93, 44.28, 8.20
47.45, 3573, -87, 44.28, 8.20
47.50, 3565, -81, 44.26, 8.20
47.55, 3563, -77, 44.26, 8.20
47.60, 3558, -75, 44.24, 8.20
47.65, 3557, -76, 44.24, 8.20
47.70, 3561, -78, 44.24, 8.20
47.75, 3546, -80, 44.24, 8.20
47.80, 3568, -80, 44.24, 8.20
47.85, 3554, -77, 44.24, 8.20
47.90, 3547, -72, 44.24, 8.20
47.95, 3505, -71, 44.24, 8.20
48.00, 3442, -73, 44.24, 8.20
48.05, 3438, -78, 44.24, 8.20
48.10, 3486, -84, 44.22, 8.20
48.15, 3497, -89, 44.22, 8.20
48.20, 3485, -92, 44.20, 8.20
48.25, 3469, -95, 44.20, 8.20
48.30, 3459, -96, 44.20, 8.20
48.35, 3462, -96, 44.19, 8.20
48.40, 3471, -94, 44.19, 8.20
48.45, 3484, -91, 44.19, 8.20
48.50, 3494, -90, 44.17, 8.20
48.55, 3505, -94, 44.19, 8.20
48.60, 3480, -102, 44.19, 8.20
48.65, 3479, -114, 44.17, 8.20
48.70, 3455, -125, 44.13, 8.20
48.75, 3443, -130, 44.13, 8.20
48.80, 3455, -131, 44.11, 8.20
48.85, 3456, -125, 44.13, 8.20
48.90, 3432, -118, 44.13, 8.20
48.95, 3405, -109, 44.13, 8.20
49.00, 3393, -100, 44.13, 8.20
49.05, 3402, -93, 44.13, 8.20
49.10, 3407, -87, 44.13, 8.20
49.15, 3404, -80, 44.13, 8.20
49.20, 3392, -74, 44.13, 8.20
49.25, 3386, -69, 44.13, 8.20
49.30, 3390, -67, 44.13, 8.20
49.35, 3382, -71, 44.13, 8.20
49.40, 3375, -81, 44.13, 8.20
49.45, 3423, -97, 44.13, 8.20
49.50, 3409, -114, 44.11, 8.20
49.55, 3377, -127, 44.13, 8.20
49.60, 3316, -134, 44.13, 8.20
49.65, 3288, -134, 44.11, 8.20
49.70, 3288, -129, 44.11, 8.20
49.75, 3301, -124, 44.10, 8.20
49.80, 3306, -120, 44.11, 8.20
49.85, 3304, -115, 44.10, 8.20
49.90, 3288, -110, 44.11, 8.20
49.95, 3272, -103, 44.10, 8.20
50.00, 3270, -95, 44.08, 8.20
50.05, 3295, -88, 44.08, 8.20
50.10, 3327, -81, 44.08, 8.20
50.15, 3356, -77, 44.08, 8.20
50.20, 3359, -77, 44.04, 8.20
50.25, 3326, -81, 44.02, 8.20
50.30, 3326, -89, 44.04, 8.20
50.35, 3350, -97, 44.01, 8.20
50.40, 3323, -102, 44.02, 8.20
50.45, 3247, -101, 44.01, 8.20
50.50, 3210, -91, 44.01, 8.20
50.55, 3209, -75, 43.97, 8.20
50.60, 3205, -58, 43.97, 8.20
50.65, 3206, -46, 43.97, 8.20
50.70, 3216, -42, 43.97, 8.20
50.75, 3223, -45, 43.95, 8.20
50.80, 3219, -54, 43.93, 8.20
50.85, 3210, -65, 43.93, 8.20
50.90, 3207, -75, 43.93, 8.20
50.95, 3209, -82, 43.93, 8.20
51.00, 3232, -86, 43.93, 8.20
51.05, 3252, -88, 43.93, 8.20
51.10, 3259, -86, 43.92, 8.20
51.15, 3260, -83, 43.90, 8.20
51.20, 3244, -78, 43.90, 8.20
51.25, 3221, -70, 43.88, 8.20
51.30, 3187, -60, 43.88, 8.20
51.35, 3164, -47, 43.86, 8.20
51.40, 3175, -32, 43.84, 8.20
51.45, 3212, -17, 43.84, 8.20
51.50, 3230, -5, 43.84, 8.20
51.55, 3230, 1, 43.84, 8.20
51.60, 3226, 1, 43.84, 8.20
51.65, 3226, -1, 43.84, 8.20
51.70, 3223, -5, 43.81, 8.20
51.75, 3208, -10, 43.83, 8.20
51.80, 3176, -15, 43.81, 8.20
51.85, 3132, -22, 43.81, 8.20
51.90, 3097, -32, 43.79, 8.20
51.95, 3096, -42, 43.75, 8.20
52.00, 3122, -53, 43.79, 8.20
52.05, 3161, -63, 43.75, 8.20
52.10, 3181, -71, 43.75, 8.20
52.15, 3193, -74, 43.75, 8.20
52.20, 3196, -72, 43.74, 8.20
52.25, 3211, -65, 43.75, 8.20
52.30, 3233, -56, 43.72, 8.20
52.35, 3246, -50, 43.72, 8.20
52.40, 3245, -50, 43.72, 8.20
52.45, 3222, -57, 43.72, 8.20
52.50, 3224, -65, 43.72, 8.20
52.55, 3208, -72, 43.70, 8.20
52.60, 3213, -75, 43.66, 8.20
52.65, 3202, -74, 43.66, 8.20
52.70, 3192, -70, 43.66, 8.20
52.75, 3202, -64, 43.63, 8.20
52.80, 3185, -57, 43.63, 8.20
52.85, 3141, -50, 43.63, 8.20
52.90, 3127, -46, 43.63, 8.20
52.95, 3124, -47, 43.61, 8.20
53.00, 3129, -52, 43.61, 8.20
53.05, 3107, -61, 43.61, 8.20
53.10, 3101, -72, 43.61, 8.20
53.15, 3086, -83, 43.57, 8.20
53.20, 3077, -93, 43.57, 8.20
53.25, 3081, -103, 43.61, 8.20
53.30, 3100, -112, 43.56, 8.20
53.35, 3119, -120, 43.56, 8.20
53.40, 3098, -123, 43.56, 8.20
53.45, 3083, -124, 43.57, 8.20
53.50, 3075, -121, 43.61, 8.20
53.55, 3072, -117, 43.61, 8.20
53.60, 3073, -113, 43.61, 8.20
53.65, 3089, -111, 43.63, 8.20
53.70, 3078, -109, 43.63, 8.20
53.75, 3059, -107, 43.61, 8.20
53.80, 3037, -102, 43.61, 8.20
53.85, 3027, -96, 43.63, 8.20
53.90, 3022, -90, 43.63, 8.20
53.95, 3034, -85, 43.61, 8.20
54.00, 3046, -83, 43.61, 8.20
54.05, 3032, -82, 43.61, 8.20
54.10, 3024, -82, 43.63, 8.20
54.15, 3016, -82, 43.63, 8.20
54.20, 3025, -83, 43.65, 8.20
54.25, 3001, -86, 43.65, 8.20
54.30, 3002, -90, 43.65, 8.20
54.35, 2988, -93, 43.65, 8.20
54.40, 2977, -94, 43.65, 8.20
54.45, 2979, -93, 43.66, 8.20
54.50, 2991, -92, 43.66, 8.20
54.55, 2990, -91, 43.66, 8.20
54.60, 2994, -91, 43.63, 8.20
54.65, 2988, -91, 43.63, 8.20
54.70, 2972, -88, 43.65, 8.20
54.75, 2970, -84, 43.65, 8.20
54.80, 2963, -81, 43.65, 8.20
54.85, 2964, -80, 43.66, 8.20
54.90, 2967, -82, 43.66, 8.20
54.95, 2964, -86, 43.66, 8.20
55.00, 2954, -90, 43.66, 8.20
55.05, 2938, -92, 43.66, 8.20
55.10, 2922, -92, 43.66, 8.20
55.15, 2929, -91, 43.65, 8.20
55.20, 2924, -88, 43.66, 8.20
55.25, 2922, -86, 43.66, 8.20
55.30, 2915, -84, 43.66, 8.20
55.35, 2911, -81, 43.66, 8.20
55.40, 2906, -80, 43.66, 8.20
55.45, 2900, -80, 43.66, 8.20
55.50, 2898, -81, 43.68, 8.20
55.55, 2898, -81, 43.66, 8.20
55.60, 2897, -81, 43.68, 8.20
55.65, 2898, -79, 43.66, 8.20
55.70, 2897, -77, 43.63, 8.20
55.75, 2890, -76, 43.65, 8.20
55.80, 2887, -76, 43.65, 8.20
55.85, 2875, -77, 43.66, 8.20
55.90, 2862, -78, 43.66, 8.20
55.95, 2853, -77, 43.68, 8.20
56.00, 2849, -77, 43.66, 8.20
56.05, 2845, -75, 43.68, 8.20
56.10, 2842, -73, 43.68, 8.20
56.15, 2840, -72, 43.68, 8.20
56.20, 2843, -71, 43.65, 8.20
56.25, 2839, -70, 43.66, 8.20
56.30, 2830, -69, 43.66, 8.20
56.35, 2821, -69, 43.66, 8.20
56.40, 2829, -71, 43.68, 8.20
56.45, 2842, -75, 43.68, 8.20
56.50, 2821, -80, 43.68, 8.20
56.55, 2822, -85, 43.70, 8.20
56.60, 2836, -89, 43.68, 8.20
56.65, 2835, -91, 43.68, 8.20
56.70, 2825, -90, 43.66, 8.20
56.75, 2823, -84, 43.68, 8.20
56.80, 2805, -74, 43.68, 8.20
56.85, 2804, -66, 43.68, 8.20
56.90, 2820, -64, 43.68, 8.20
56.95, 2799, -71, 43.66, 8.20
57.00, 2789, -89, 43.68, 8.20
57.05, 2791, -106, 43.66, 8.20
57.10, 2786, -118, 43.68, 8.20
57.15, 2778, -120, 43.66, 8.20
57.20, 2784, -110, 43.65, 8.20
57.25, 2792, -95, 43.65, 8.20
57.30, 2774, -81, 43.63, 8.20
57.35, 2712, -72, 43.65, 8.20
57.40, 2696, -73, 43.65, 8.20
57.45, 2729, -82, 43.65, 8.20
57.50, 2726, -92, 43.66, 8.20
57.55, 2718, -99, 43.63, 8.20
57.60, 2716, -100, 43.63, 8.20
57.65, 2714, -93, 43.63, 8.20
57.70, 2714, -83, 43.63, 8.20
57.75, 2717, -73, 43.61, 8.20
57.80, 2754, -64, 43.61, 8.20
57.85, 2795, -59, 43.61, 8.20
57.90, 2720, -58, 43.61, 8.20
57.95, 2630, -58, 43.61, 8.20
58.00, 2609, -59, 43.61, 8.20
58.05, 2586, -61, 43.57, 8.20
58.10, 2590, -63, 43.56, 8.20
58.15, 2591, -67, 43.56, 8.20
58.20, 2642, -70, 43.56, 8.20
58.25, 2705, -74, 43.52, 8.20
58.30, 2727, -75, 43.52, 8.20
58.35, 2716, -75, 43.52, 8.20
58.40, 2679, -73, 43.52, 8.20
58.45, 2629, -68, 43.48, 8.20
58.50, 2600, -62, 43.48, 8.20
58.55, 2615, -56, 43.48, 8.20
58.60, 2649, -52, 43.47, 8.20
58.65, 2667, -53, 43.45, 8.20
58.70, 2678, -58, 43.43, 8.20
58.75, 2699, -68, 43.38, 8.20
58.80, 2714, -75, 43.38, 8.20
58.85, 2700, -77, 43.38, 8.20
58.90, 2687, -70, 43.36, 8.20
58.95, 2667, -55, 43.36, 8.20
59.00, 2673, -42, 43.36, 8.20
59.05, 2680, -34, 43.36, 8.20
59.10, 2648, -37, 43.36, 8.20
59.15, 2639, -48, 43.34, 8.20
59.20, 2640, -64, 43.32, 8.20
59.25, 2628, -78, 43.32, 8.20
59.30, 2630, -84, 43.32, 8.20
59.35, 2611, -83, 43.29, 8.20
59.40, 2594, -75, 43.30, 8.20
59.45, 2595, -65, 43.30, 8.20
59.50, 2623, -59, 43.30, 8.20
59.55, 2631, -59, 43.29, 8.20
59.60, 2624, -64, 43.29, 8.20
59.65, 2614, -72, 43.30, 8.20
59.70, 2587, -80, 43.29, 8.20
59.75, 2605, -86, 43.29, 8.20
59.80, 2601, -89, 43.29, 8.20
59.85, 2580, -90, 43.27, 8.20
59.90, 2569, -91, 43.25, 8.20
59.95, 2557, -92, 43.25, 8.20
60.00, 2548, -93, 43.25, 8.20
60.05, 2534, -94, 43.25, 8.20
60.10, 2523, -92, 43.23, 8.20
60.15, 2519, -89, 43.23, 8.20
60.20, 2518, -86, 43.23, 8.20
60.25, 2525, -83, 43.23, 8.20
60.30, 2540, -83, 43.23, 8.20
60.35, 2525, -86, 43.23, 8.20
60.40, 2514, -91, 43.23, 8.20
60.45, 2513, -96, 43.23, 8.20
60.50, 2521, -100, 43.23, 8.20
60.55, 2532, -101, 43.25, 8.20
60.60, 2517, -101, 43.25, 8.20
60.65, 2507, -100, 43.25, 8.20
60.70, 2536, -100, 43.25, 8.20
60.75, 2539, -102, 43.25, 8.20
60.80, 2507, -102, 43.25, 8.20
60.85, 2507, -100, 43.25, 8.20
60.90, 2512, -96, 43.25, 8.20
60.95, 2494, -91, 43.25, 8.20
61.00, 2473, -87, 43.25, 8.20
61.05, 2458, -84, 43.25, 8.20
61.10, 2469, -82, 43.25, 8.20
61.15, 2475, -83, 43.25, 8.20
61.20, 2482, -84, 43.23, 8.20
61.25, 2473, -87, 43.23, 8.20
61.30, 2447, -88, 43.20, 8.20
61.35, 2420, -88, 43.20, 8.20
61.40, 2412, -88, 43.23, 8.20
61.45, 2415, -88, 43.18, 8.20
61.50, 2416, -89, 43.18, 8.20
61.55, 2422, -93, 43.18, 8.20
61.60, 2428, -98, 43.18, 8.20
61.65, 2431, -102, 43.18, 8.20
61.70, 2379, -105, 43.18, 8.20
61.75, 2378, -106, 43.18, 8.20
61.80, 2384, -103, 43.18, 8.20
61.85, 2388, -101, 43.16, 8.20
61.90, 2385, -97, 43.18, 8.20
61.95, 2378, -94, 43.18, 8.20
62.00, 2369, -92, 43.18, 8.20
62.05, 2366, -93, 43.18, 8.20
62.10, 2368, -94, 43.16, 8.20
62.15, 2360, -95, 43.18, 8.20
62.20, 2355, -94, 43.16, 8.20
62.25, 2349, -91, 43.18, 8.20
62.30, 2347, -85, 43.14, 8.20
62.35, 2349, -80, 43.16, 8.20
62.40, 2358, -76, 43.16, 8.20
62.45, 2353, -76, 43.14, 8.20
62.50, 2339, -79, 43.18, 8.20
62.55, 2328, -83, 43.16, 8.20
62.60, 2318, -85, 43.18, 8.20
62.65, 2315, -84, 43.18, 8.20
62.70, 2313, -81, 43.18, 8.20
62.75, 2313, -79, 43.18, 8.20
62.80, 2315, -78, 43.18, 8.20
62.85, 2319, -77, 43.14, 8.20
62.90, 2314, -76, 43.18, 8.20
62.95, 2298, -75, 43.18, 8.20
63.00, 2290, -74, 43.18, 8.20
63.05, 2285, -73, 43.18, 8.20
63.10, 2281, -72, 43.18, 8.20
63.15, 2286, -71, 43.18, 8.20
63.20, 2287, -71, 43.20, 8.20
63.25, 2279, -71, 43.18, 8.20
63.30, 2279, -71, 43.23, 8.20
63.35, 2274, -74, 43.18, 8.20
63.40, 2273, -77, 43.18, 8.20
63.45, 2268, -80, 43.18, 8.20
63.50, 2260, -82, 43.18, 8.20
63.55, 2247, -82, 43.20, 8.20
63.60, 2242, -81, 43.23, 8.20
63.65, 2238, -80, 43.20, 8.20
63.70, 2235, -80, 43.23, 8.20
63.75, 2234, -80, 43.23, 8.20
63.80, 2232, -80, 43.23, 8.20
63.85, 2234, -78, 43.23, 8.20
63.90, 2230, -74, 43.23, 8.20
63.95, 2229, -69, 43.20, 8.20
64.00, 2227, -64, 43.23, 8.20
64.05, 2226, -63, 43.20, 8.20
64.10, 2219, -66, 43.18, 8.20
64.15, 2217, -72, 43.23, 8.20
64.20, 2215, -79, 43.23, 8.20
64.25, 2210, -83, 43.23, 8.20
64.30, 2217, -86, 43.23, 8.20
64.35, 2206, -86, 43.23, 8.20
64.40, 2190, -85, 43.23, 8.20
64.45, 2170, -84, 43.23, 8.20
64.50, 2166, -82, 43.23, 8.20
64.55, 2165, -80, 43.23, 8.20
64.60, 2163, -79, 43.23, 8.20
64.65, 2157, -77, 43.20, 8.20
64.70, 2151, -76, 43.23, 8.20
64.75, 2162, -74, 43.23, 8.20
64.80, 2159, -73, 43.23, 8.20
64.85, 2158, -73, 43.20, 8.20
64.90, 2153, -74, 43.23, 8.20
64.95, 2184, -75, 43.23, 8.20
65.00, 2192, -77, 43.23, 8.20
65.05, 2158, -79, 43.23, 8.20
65.10, 2138, -81, 43.23, 8.20
65.15, 2124, -83, 43.23, 8.20
65.20, 2111, -84, 43.20, 8.20
65.25, 2106, -84, 43.23, 8.20
65.30, 2108, -83, 43.20, 8.20
65.35, 2105, -80, 43.23, 8.20
65.40, 2103, -77, 43.20, 8.20
65.45, 2099, -73, 43.18, 8.20
65.50, 2093, -70, 43.18, 8.20
65.55, 2091, -68, 43.18, 8.20
65.60, 2087, -67, 43.20, 8.20
65.65, 2088, -69, 43.18, 8.20
65.70, 2084, -73, 43.20, 8.20
65.75, 2090, -78, 43.20, 8.20
65.80, 2105, -84, 43.18, 8.20
65.85, 2089, -90, 43.20, 8.20
65.90, 2075, -94, 43.20, 8.20
65.95, 2081, -98, 43.18, 8.20
66.00, 2068, -99, 43.20, 8.20
66.05, 2065, -97, 43.18, 8.20
66.10, 2050, -93, 43.18, 8.20
66.15, 2054, -89, 43.18, 8.20
66.20, 2044, -85, 43.18, 8.20
66.25, 2041, -84, 43.18, 8.20
66.30, 2047, -83, 43.16, 8.20
66.35, 2040, -82, 43.18, 8.20
66.40, 2035, -81, 43.14, 8.20
66.45, 2033, -80, 43.14, 8.20
66.50, 2026, -80, 43.14, 8.20
66.55, 2046, -80, 43.14, 8.20
66.60, 2023, -82, 43.14, 8.20
66.65, 2023, -84, 43.12, 8.20
66.70, 2005, -88, 43.14, 8.20
66.75, 1987, -91, 43.14, 8.20
66.80, 1982, -93, 43.12, 8.20
66.85, 1984, -91, 43.12, 8.20
66.90, 1981, -87, 43.12, 8.20
66.95, 1973, -82, 43.12, 8.20
67.00, 1967, -79, 43.12, 8.20
67.05, 1963, -79, 43.12, 8.20
67.10, 1956, -83, 43.12, 8.20
67.15, 1952, -88, 43.12, 8.20
67.20, 1946, -92, 43.12, 8.20
67.25, 1941, -94, 43.12, 8.20
67.30, 1944, -94, 43.12, 8.20
67.35, 1947, -93, 43.12, 8.20
67.40, 1944, -94, 43.12, 8.20
67.45, 1938, -95, 43.12, 8.20
67.50, 1934, -96, 43.12, 8.20
67.55, 1932, -97, 43.12, 8.20
67.60, 1929, -96, 43.12, 8.20
67.65, 1919, -94, 43.12, 8.20
67.70, 1906, -90, 43.12, 8.20
67.75, 1902, -87, 43.12, 8.20
67.80, 1906, -84, 43.12, 8.20
67.85, 1910, -82, 43.12, 8.20
67.90, 1913, -80, 43.12, 8.20
67.95, 1923, -80, 43.12, 8.20
68.00, 1948, -81, 43.12, 8.20
68.05, 1894, -83, 43.12, 8.20
68.10, 1857, -85, 43.11, 8.20
68.15, 1855, -86, 43.12, 8.20
68.20, 1862, -86, 43.09, 8.20
68.25, 1863, -85, 43.11, 8.20
68.30, 1861, -86, 43.09, 8.20
68.35, 1853, -87, 43.09, 8.20
68.40, 1848, -89, 43.09, 8.20
68.45, 1847, -91, 43.09, 8.20
68.50, 1846, -92, 43.09, 8.20
68.55, 1836, -93, 43.09, 8.20
68.60, 1827, -94, 43.09, 8.20
68.65, 1831, -95, 43.07, 8.20
68.70, 1831, -95, 43.05, 8.20
68.75, 1818, -95, 43.07, 8.20
68.80, 1819, -93, 43.05, 8.20
68.85, 1821, -91, 43.05, 8.20
68.90, 1827, -90, 43.07, 8.20
68.95, 1826, -89, 43.05, 8.20
69.00, 1793, -89, 43.05, 8.20
69.05, 1779, -89, 43.07, 8.20
69.10, 1779, -90, 43.05, 8.20
69.15, 1780, -91, 43.05, 8.20
69.20, 1784, -90, 43.02, 8.20
69.25, 1780, -86, 43.02, 8.20
69.30, 1774, -80, 43.05, 8.20
69.35, 1769, -75, 43.05, 8.20
69.40, 1760, -73, 43.02, 8.20
69.45, 1754, -73, 43.02, 8.20
69.50, 1751, -76, 43.02, 8.20
69.55, 1744, -78, 43.00, 8.20
69.60, 1734, -79, 43.00, 8.20
69.65, 1722, -80, 43.00, 8.20
69.70, 1711, -81, 43.02, 8.20
69.75, 1716, -84, 43.00, 8.20
69.80, 1736, -86, 43.00, 8.20
69.85, 1752, -87, 43.00, 8.20
69.90, 1761, -84, 43.00, 8.20
69.95, 1740, -77, 43.00, 8.20
70.00, 1733, -69, 43.00, 8.20
70.05, 1703, -66, 43.00, 8.20
70.10, 1676, -70, 42.98, 8.20
70.15, 1658, -81, 42.98, 8.20
70.20, 1671, -94, 42.98, 8.20
70.25, 1714, -103, 42.96, 8.20
70.30, 1742, -105, 42.94, 8.20
70.35, 1706, -101, 42.94, 8.20
70.40, 1708, -95, 42.94, 8.20
70.45, 1686, -88, 42.93, 8.20
70.50, 1683, -81, 42.91, 8.20
70.55, 1677, -74, 42.89, 8.20
70.60, 1670, -67, 42.89, 8.20
70.65, 1670, -62, 42.89, 8.20
70.70, 1667, -62, 42.89, 8.20
70.75, 1655, -68, 42.89, 8.20
70.80, 1640, -81, 42.89, 8.20
70.85, 1632, -94, 42.89, 8.20
70.90, 1654, -102, 42.89, 8.20
70.95, 1683, -99, 42.89, 8.20
71.00, 1684, -87, 42.89, 8.20
71.05, 1681, -69, 42.89, 8.20
71.10, 1630, -52, 42.87, 8.20
71.15, 1566, -44, 42.84, 8.20
71.20, 1548, -45, 42.84, 8.20
71.25, 1553, -54, 42.82, 8.20
71.30, 1572, -67, 42.80, 8.20
71.35, 1584, -80, 42.80, 8.20
71.40, 1587, -93, 42.78, 8.20
71.45, 1582, -103, 42.78, 8.20
71.50, 1594, -110, 42.76, 8.20
71.55, 1611, -114, 42.76, 8.20
71.60, 1612, -115, 42.76, 8.20
71.65, 1613, -112, 42.76, 8.20
71.70, 1614, -109, 42.76, 8.20
71.75, 1593, -104, 42.75, 8.20
71.80, 1542, -99, 42.75, 8.20
71.85, 1519, -98, 42.71, 8.20
71.90, 1516, -99, 42.71, 8.20
71.95, 1534, -103, 42.71, 8.20
72.00, 1578, -103, 42.71, 8.20
72.05, 1609, -100, 42.69, 8.20
72.10, 1616, -93, 42.67, 8.20
72.15, 1604, -85, 42.67, 8.20
72.20, 1603, -82, 42.67, 8.20
72.25, 1597, -83, 42.64, 8.20
72.30, 1568, -85, 42.64, 8.20
72.35, 1521, -87, 42.64, 8.20
72.40, 1468, -86, 42.64, 8.20
72.45, 1460, -85, 42.62, 8.20
72.50, 1444, -85, 42.62, 8.20
72.55, 1445, -88, 42.60, 8.20
72.60, 1445, -93, 42.60, 8.20
72.65, 1451, -95, 42.60, 8.20
72.70, 1445, -91, 42.60, 8.20
72.75, 1464, -80, 42.60, 8.20
72.80, 1446, -64, 42.60, 8.20
72.85, 1486, -52, 42.58, 8.20
72.90, 1470, -48, 42.60, 8.20
72.95, 1463, -53, 42.58, 8.20
73.00, 1456, -64, 42.60, 8.20
73.05, 1446, -75, 42.58, 8.20
73.10, 1432, -82, 42.60, 8.20
73.15, 1414, -85, 42.58, 8.20
73.20, 1398, -84, 42.60, 8.20
73.25, 1387, -82, 42.57, 8.20
73.30, 1396, -78, 42.57, 8.20
73.35, 1416, -73, 42.57, 8.20
73.40, 1432, -67, 42.57, 8.20
73.45, 1441, -64, 42.57, 8.20
73.50, 1449, -62, 42.57, 8.20
73.55, 1429, -60, 42.57, 8.20
73.60, 1409, -54, 42.57, 8.20
73.65, 1402, -44, 42.53, 8.20
73.70, 1399, -34, 42.53, 8.20
73.75, 1430, -28, 42.53, 8.20
73.80, 1468, -28, 42.53, 8.20
73.85, 1459, -34, 42.53, 8.20
73.90, 1453, -43, 42.53, 8.20
73.95, 1437, -51, 42.53, 8.20
74.00, 1439, -57, 42.53, 8.20
74.05, 1433, -59, 42.53, 8.20
74.10, 1441, -57, 42.51, 8.20
74.15, 1455, -51, 42.53, 8.20
74.20, 1426, -45, 42.53, 8.20
74.25, 1393, -40, 42.53, 8.20
74.30, 1376, -39, 42.51, 8.20
74.35, 1359, -41, 42.51, 8.20
74.40, 1345, -47, 42.51, 8.20
74.45, 1328, -52, 42.51, 8.20
74.50, 1316, -55, 42.48, 8.20
74.55, 1307, -54, 42.51, 8.20
74.60, 1345, -52, 42.46, 8.20
74.65, 1416, -51, 42.46, 8.20
74.70, 1434, -54, 42.46, 8.20
74.75, 1422, -59, 42.46, 8.20
74.80, 1409, -66, 42.44, 8.20
74.85, 1385, -72, 42.46, 8.20
74.90, 1355, -76, 42.46, 8.20
74.95, 1337, -80, 42.44, 8.20
75.00, 1315, -84, 42.42, 8.20
75.05, 1310, -89, 42.42, 8.20
75.10, 1311, -92, 42.42, 8.20
75.15, 1315, -93, 42.42, 8.20
75.20, 1322, -89, 42.40, 8.20
75.25, 1332, -81, 42.40, 8.20
75.30, 1353, -72, 42.40, 8.20
75.35, 1339, -62, 42.40, 8.20
75.40, 1325, -54, 42.40, 8.20
75.45, 1325, -50, 42.40, 8.20
75.50, 1317, -52, 42.39, 8.20
75.55, 1312, -59, 42.39, 8.20
75.60, 1313, -72, 42.37, 8.20
75.65, 1319, -86, 42.37, 8.20
75.70, 1322, -95, 42.37, 8.20
75.75, 1315, -96, 42.37, 8.20
75.80, 1311, -90, 42.33, 8.20
75.85, 1304, -79, 42.33, 8.20
75.90, 1291, -69, 42.33, 8.20
75.95, 1278, -64, 42.30, 8.20
76.00, 1262, -65, 42.28, 8.20
76.05, 1253, -72, 42.28, 8.20
76.10, 1248, -79, 42.28, 8.20
76.15, 1242, -85, 42.28, 8.20
76.20, 1239, -86, 42.28, 8.20
76.25, 1236, -84, 42.28, 8.20
76.30, 1243, -78, 42.28, 8.20
76.35, 1245, -72, 42.28, 8.20
76.40, 1241, -67, 42.28, 8.20
76.45, 1230, -67, 42.28, 8.20
76.50, 1225, -72, 42.28, 8.20
76.55, 1221, -80, 42.28, 8.20
76.60, 1216, -87, 42.28, 8.20
76.65, 1212, -87, 42.28, 8.20
76.70, 1214, -82, 42.28, 8.20
76.75, 1221, -74, 42.30, 8.20
76.80, 1231, -68, 42.28, 8.20
76.85, 1240, -66, 42.28, 8.20
76.90, 1241, -65, 42.28, 8.20
76.95, 1205, -66, 42.28, 8.20
77.00, 1169, -65, 42.26, 8.20
77.05, 1146, -65, 42.28, 8.20
77.10, 1137, -62, 42.26, 8.20
77.15, 1138, -59, 42.26, 8.20
77.20, 1164, -59, 42.26, 8.20
77.25, 1195, -63, 42.26, 8.20
77.30, 1203, -74, 42.24, 8.20
77.35, 1200, -85, 42.24, 8.20
77.40, 1220, -89, 42.22, 8.20
77.45, 1202, -87, 42.22, 8.20
77.50, 1173, -77, 42.21, 8.20
77.55, 1070, -67, 42.19, 8.20
77.60, 1125, -60, 42.19, 8.20
77.65, 1174, -59, 42.19, 8.20
77.70, 1196, -67, 42.17, 8.20
77.75, 1183, -78, 42.17, 8.20
77.80, 1173, -89, 42.19, 8.20
77.85, 1164, -92, 42.17, 8.20
77.90, 1149, -84, 42.17, 8.20
77.95, 1140, -70, 42.12, 8.20
78.00, 1120, -55, 42.12, 8.20
78.05, 1114, -47, 42.12, 8.20
78.10, 1126, -47, 42.12, 8.20
78.15, 1123, -54, 42.12, 8.20
78.20, 1181, -64, 42.12, 8.20
78.25, 1114, -75, 42.12, 8.20
78.30, 1026, -84, 42.12, 8.20
78.35, 1126, -90, 42.10, 8.20
78.40, 1158, -91, 42.12, 8.20
78.45, 1109, -86, 42.12, 8.20
78.50, 1104, -77, 42.12, 8.20
78.55, 1105, -69, 42.12, 8.20
78.60, 1108, -67, 42.08, 8.20
78.65, 1114, -70, 42.12, 8.20
78.70, 1101, -75, 42.12, 8.20
78.75, 1019, -77, 42.10, 8.20
78.80, 992, -77, 42.12, 8.20
78.85, 1043, -77, 42.10, 8.20
78.90, 1085, -78, 42.08, 8.20
78.95, 1112, -82, 42.08, 8.20
79.00, 1070, -84, 42.08, 8.20
79.05, 1057, -82, 42.08, 8.20
79.10, 1044, -77, 42.08, 8.20
79.15, 1041, -69, 42.08, 8.20
79.20, 1034, -60, 42.08, 8.20
79.25, 1035, -48, 42.06, 8.20
79.30, 1028, -39, 42.08, 8.20
79.35, 1019, -38, 42.06, 8.20
79.40, 1009, -41, 42.06, 8.20
79.45, 995, -50, 42.06, 8.20
79.50, 994, -59, 42.06, 8.20
79.55, 1030, -64, 42.08, 8.20
79.60, 1051, -65, 42.06, 8.20
79.65, 999, -62, 42.06, 8.20
79.70, 1018, -59, 42.04, 8.20
79.75, 1021, -57, 42.06, 8.20
79.80, 1038, -60, 42.04, 8.20
79.85, 1038, -70, 42.04, 8.20
79.90, 966, -80, 42.04, 8.20
79.95, 900, -88, 42.04, 8.20
80.00, 944, -90, 42.03, 8.20
80.05, 1005, -86, 42.03, 8.20
80.10, 1007, -80, 42.03, 8.20
80.15, 1008, -76, 42.03, 8.20
80.20, 1002, -73, 42.03, 8.20
80.25, 1018, -70, 41.99, 8.20
80.30, 973, -68, 41.99, 8.20
80.35, 982, -65, 41.99, 8.20
80.40, 968, -65, 41.97, 8.20
80.45, 974, -68, 41.97, 8.20
80.50, 986, -73, 41.94, 8.20
80.55, 982, -79, 41.94, 8.20
80.60, 977, -84, 41.94, 8.20
80.65, 958, -87, 41.94, 8.20
80.70, 939, -92, 41.94, 8.20
80.75, 935, -94, 41.92, 8.20
80.80, 910, -93, 41.94, 8.20
80.85, 903, -90, 41.92, 8.20
80.90, 888, -84, 41.92, 8.20
80.95, 891, -80, 41.92, 8.20
81.00, 901, -81, 41.92, 8.20
81.05, 897, -88, 41.92, 8.20
81.10, 895, -96, 41.92, 8.20
81.15, 887, -102, 41.92, 8.20
81.20, 900, -104, 41.92, 8.20
81.25, 892, -104, 41.92, 8.20
81.30, 897, -102, 41.92, 8.20
81.35, 890, -101, 41.92, 8.20
81.40, 872, -101, 41.92, 8.20
81.45, 870, -103, 41.94, 8.20
81.50, 859, -105, 41.92, 8.20
81.55, 860, -106, 41.92, 8.20
81.60, 845, -105, 41.94, 8.20
81.65, 846, -101, 41.94, 8.20
81.70, 845, -97, 41.94, 8.20
81.75, 835, -92, 41.94, 8.20
81.80, 816, -87, 41.92, 8.20
81.85, 807, -84, 41.94, 8.20
81.90, 808, -83, 41.94, 8.20
81.95, 810, -83, 41.94, 8.20
82.00, 808, -84, 41.94, 8.20
82.05, 809, -86, 41.94, 8.20
82.10, 805, -88, 41.94, 8.20
82.15, 799, -90, 41.94, 8.20
82.20, 793, -92, 41.94, 8.20
82.25, 788, -93, 41.94, 8.20
82.30, 786, -93, 41.92, 8.20
82.35, 785, -93, 41.94, 8.20
82.40, 776, -91, 41.94, 8.20
82.45, 771, -89, 41.94, 8.20
82.50, 767, -87, 41.92, 8.20
82.55, 764, -87, 41.92, 8.20
82.60, 761, -89, 41.94, 8.20
82.65, 756, -91, 41.92, 8.20
82.70, 749, -91, 41.92, 8.20
82.75, 745, -85, 41.94, 8.20
82.80, 741, -74, 41.94, 8.20
82.85, 737, -61, 41.94, 8.20
82.90, 734, -51, 41.94, 8.20
82.95, 731, -50, 41.94, 8.20
83.00, 729, -57, 41.92, 8.20
83.05, 725, -70, 41.92, 8.20
83.10, 718, -84, 41.94, 8.20
83.15, 715, -93, 41.92, 8.20
83.20, 712, -97, 41.94, 8.20
83.25, 707, -95, 41.92, 8.20
83.30, 704, -92, 41.92, 8.20
83.35, 701, -90, 41.92, 8.20
83.40, 696, -90, 41.94, 8.20
83.45, 693, -89, 41.94, 8.20
83.50, 692, -88, 41.94, 8.20
83.55, 687, -84, 41.94, 8.20
83.60, 672, -81, 41.94, 8.20
83.65, 646, -77, 41.94, 8.20
83.70, 629, -74, 41.92, 8.20
83.75, 661, -72, 41.92, 8.20
83.80, 707, -72, 41.92, 8.20
83.85, 753, -74, 41.92, 8.20
83.90, 731, -77, 41.92, 8.20
83.95, 719, -81, 41.92, 8.20
84.00, 681, -85, 41.90, 8.20
84.05, 615, -88, 41.92, 8.20
84.10, 584, -90, 41.90, 8.20
84.15, 591, -89, 41.88, 8.20
84.20, 606, -88, 41.88, 8.20
84.25, 617, -85, 41.88, 8.20
84.30, 616, -81, 41.88, 8.20
84.35, 601, -78, 41.88, 8.20
84.40, 591, -77, 41.88, 8.20
84.45, 587, -79, 41.85, 8.20
84.50, 597, -83, 41.85, 8.20
84.55, 608, -86, 41.85, 8.20
84.60, 612, -85, 41.85, 8.20
84.65, 605, -82, 41.85, 8.20
84.70, 605, -80, 41.85, 8.20
84.75, 605, -82, 41.85, 8.20
84.80, 600, -91, 41.83, 8.20
84.85, 592, -98, 41.83, 8.20
84.90, 573, -96, 41.83, 8.20
84.95, 557, -89, 41.83, 8.20
85.00, 547, -74, 41.83, 8.20
85.05, 539, -59, 41.83, 8.20
85.10, 536, -50, 41.83, 8.20
85.15, 539, -47, 41.81, 8.20
85.20, 541, -48, 41.83, 8.20
85.25, 547, -51, 41.81, 8.20
85.30, 547, -53, 41.83, 8.20
85.35, 555, -52, 41.81, 8.20
85.40, 565, -51, 41.81, 8.20
85.45, 537, -51, 41.83, 8.20
85.50, 490, -52, 41.81, 8.20
85.55, 476, -57, 41.81, 8.20
85.60, 477, -64, 41.81, 8.20
85.65, 521, -71, 41.77, 8.10
85.70, 559, -77, 41.77, 8.20
85.75, 505, -80, 41.77, 8.20
85.80, 495, -79, 41.77, 8.20
85.85, 551, -74, 41.77, 8.20
85.90, 520, -67, 41.77, 8.20
85.95, 521, -60, 41.77, 8.20
86.00, 531, -54, 41.77, 8.20
86.05, 521, -50, 41.77, 8.20
86.10, 519, -48, 41.76, 8.20
86.15, 502, -49, 41.76, 8.20
86.20, 507, -51, 41.74, 8.20
86.25, 496, -55, 41.76, 8.20
86.30, 516, -58, 41.76, 8.20
86.35, 487, -58, 41.74, 8.20
86.40, 485, -56, 41.74, 8.20
86.45, 512, -50, 41.74, 8.20
86.50, 512, -43, 41.74, 8.20
86.55, 491, -41, 41.74, 8.20
86.60, 458, -43, 41.74, 8.20
86.65, 437, -47, 41.74, 8.20
86.70, 441, -53, 41.74, 8.20
86.75, 439, -54, 41.74, 8.20
86.80, 444, -55, 41.74, 8.20
86.85, 435, -56, 41.74, 8.20
86.90, 444, -56, 41.74, 8.20
86.95, 448, -57, 41.72, 8.20
87.00, 453, -57, 41.72, 8.20
87.05, 450, -56, 41.74, 8.20
87.10, 445, -55, 41.74, 8.20
87.15, 444, -54, 41.72, 8.20
87.20, 441, -53, 41.72, 8.20
87.25, 431, -51, 41.72, 8.20
87.30, 431, -50, 41.72, 8.20
87.35, 433, -49, 41.72, 8.20
87.40, 432, -48, 41.70, 8.20
87.45, 425, -48, 41.72, 8.20
87.50, 419, -45, 41.72, 8.20
87.55, 420, -40, 41.72, 8.20
87.60, 416, -33, 41.70, 8.20
87.65, 412, -27, 41.72, 8.20
87.70, 414, -23, 41.72, 8.20
87.75, 416, -22, 41.70, 8.20
87.80, 416, -22, 41.70, 8.20
87.85, 414, -23, 41.70, 8.20
87.90, 414, -25, 41.70, 8.20
87.95, 413, -27, 41.70, 8.20
88.00, 412, -28, 41.70, 8.20
88.05, 411, -29, 41.70, 8.20
88.10, 406, -28, 41.72, 8.20
88.15, 400, -27, 41.70, 8.20
88.20, 399, -26, 41.70, 8.20
88.25, 402, -24, 41.70, 8.20
88.30, 406, -23, 41.70, 8.20
88.35, 408, -23, 41.70, 8.20
88.40, 405, -22, 41.70, 8.20
88.45, 404, -22, 41.70, 8.20
88.50, 404, -20, 41.70, 8.20
88.55, 401, -20, 41.70, 8.20
88.60, 402, -19, 41.70, 8.20
88.65, 400, -19, 41.70, 8.20
88.70, 397, -19, 41.70, 8.20
88.75, 397, -20, 41.70, 8.20
88.80, 396, -20, 41.70, 8.20
88.85, 396, -21, 41.70, 8.20
88.90, 396, -21, 41.70, 8.20
88.95, 393, -21, 41.70, 8.20
89.00, 391, -21, 41.70, 8.20
89.05, 390, -20, 41.70, 8.20
89.10, 389, -19, 41.70, 8.20
89.15, 390, -18, 41.70, 8.20
89.20, 390, -19, 41.68, 8.20
89.25, 387, -19, 41.70, 8.20
89.30, 386, -20, 41.70, 8.20
89.35, 386, -21, 41.70, 8.20
89.40, 383, -21, 41.70, 8.20
89.45, 381, -21, 41.70, 8.20
89.50, 382, -20, 41.70, 8.20
89.55, 379, -20, 41.70, 8.20
89.60, 378, -20, 41.68, 8.20
89.65, 377, -20, 41.70, 8.20
89.70, 376, -20, 41.70, 8.20
89.75, 375, -20, 41.70, 8.20
89.80, 373, -20, 41.70, 8.20
89.85, 373, -20, 41.68, 8.20
89.90, 372, -19, 41.70, 8.20
89.95, 370, -19, 41.70, 8.20
90.00, 369, -18, 41.70, 8.20
90.05, 369, -18, 41.70, 8.20
90.10, 368, -18, 41.70, 8.20
90.15, 367, -18, 41.70, 8.20
90.20, 365, -18, 41.70, 8.20
90.25, 364, -18, 41.70, 8.20
90.30, 364, -18, 41.70, 8.20
90.35, 364, -18, 41.70, 8.20
90.40, 364, -18, 41.70, 8.20
90.45, 363, -18, 41.70, 8.20
90.50, 364, -17, 41.68, 8.20
90.55, 362, -17, 41.70, 8.20
90.60, 362, -16, 41.70, 8.20
90.65, 360, -15, 41.68, 8.20
90.70, 358, -15, 41.70, 8.20
90.75, 355, -14, 41.70, 8.20
90.80, 357, -14, 41.68, 8.20
90.85, 356, -14, 41.70, 8.20
90.90, 357, -14, 41.68, 8.20
90.95, 357, -15, 41.68, 8.20
91.00, 356, -15, 41.68, 8.20
91.05, 356, -15, 41.68, 8.20
91.10, 355, -15, 41.70, 8.20
91.15, 350, -15, 41.68, 8.20
91.20, 351, -16, 41.68, 8.20
91.25, 353, -16, 41.68, 8.20
91.30, 350, -16, 41.68, 8.20
91.35, 349, -16, 41.68, 8.20
91.40, 346, -16, 41.68, 8.20
91.45, 347, -16, 41.68, 8.20
91.50, 346, -16, 41.68, 8.20
91.55, 349, -16, 41.68, 8.20
91.60, 348, -17, 41.68, 8.20
91.65, 345, -17, 41.70, 8.20
91.70, 347, -17, 41.68, 8.20
91.75, 347, -16, 41.67, 8.20
91.80, 346, -16, 41.68, 8.20
91.85, 344, -16, 41.68, 8.20
91.90, 342, -16, 41.68, 8.20
91.95, 340, -17, 41.67, 8.20
92.00, 339, -17, 41.67, 8.20
92.05, 338, -18, 41.68, 8.20
92.10, 337, -19, 41.68, 8.20
92.15, 336, -20, 41.68, 8.20
92.20, 333, -20, 41.68, 8.20
92.25, 332, -20, 41.68, 8.20
92.30, 332, -20, 41.67, 8.20
92.35, 332, -20, 41.67, 8.20
92.40, 334, -19, 41.65, 8.20
92.45, 334, -19, 41.65, 8.20
92.50, 332, -19, 41.65, 8.20
92.55, 327, -19, 41.65, 8.20
92.60, 325, -19, 41.65, 8.20
92.65, 326, -19, 41.63, 8.20
92.70, 324, -19, 41.65, 8.20
92.75, 325, -19, 41.65, 8.20
92.80, 327, -19, 41.65, 8.20
92.85, 327, -19, 41.63, 8.20
92.90, 326, -19, 41.63, 8.20
92.95, 323, -19, 41.59, 8.20
93.00, 318, -20, 41.59, 8.20
93.05, 316, -20, 41.59, 8.20
93.10, 312, -20, 41.59, 8.20
93.15, 310, -20, 41.59, 8.20
93.20, 311, -20, 41.59, 8.20
93.25, 310, -21, 41.59, 8.20
93.30, 312, -21, 41.63, 8.20
93.35, 311, -22, 41.59, 8.20
93.40, 310, -22, 41.59, 8.20
93.45, 309, -22, 41.59, 8.20
93.50, 310, -21, 41.59, 8.20
93.55, 310, -20, 41.59, 8.20
93.60, 309, -19, 41.59, 8.20
93.65, 309, -18, 41.63, 8.20
93.70, 308, -18, 41.63, 8.20
93.75, 308, -18, 41.59, 8.20
93.80, 307, -18, 41.59, 8.20
93.85, 305, -19, 41.59, 8.20
93.90, 302, -19, 41.59, 8.20
93.95, 301, -18, 41.59, 8.20
94.00, 299, -17, 41.59, 8.20
94.05, 298, -16, 41.58, 8.20
94.10, 295, -16, 41.59, 8.20
94.15, 295, -15, 41.58, 8.20
94.20, 293, -16, 41.58, 8.20
94.25, 291, -16, 41.59, 8.20
94.30, 290, -17, 41.58, 8.20
94.35, 290, -18, 41.58, 8.20
94.40, 289, -19, 41.58, 8.20
94.45, 289, -20, 41.58, 8.20
94.50, 289, -21, 41.58, 8.20
94.55, 290, -22, 41.58, 8.20
94.60, 290, -22, 41.59, 8.20
94.65, 291, -22, 41.59, 8.20
94.70, 290, -22, 41.59, 8.20
94.75, 291, -22, 41.58, 8.20
94.80, 290, -21, 41.58, 8.20
94.85, 288, -21, 41.58, 8.20
94.90, 286, -21, 41.58, 8.20
94.95, 284, -20, 41.58, 8.20
95.00, 284, -20, 41.58, 8.20
95.05, 284, -19, 41.58, 8.20
95.10, 282, -18, 41.58, 8.20
95.15, 281, -17, 41.58, 8.20
95.20, 278, -17, 41.58, 8.20
95.25, 278, -17, 41.58, 8.20
95.30, 275, -17, 41.56, 8.20
95.35, 272, -17, 41.58, 8.20
95.40, 271, -17, 41.58, 8.20
95.45, 269, -17, 41.58, 8.20
95.50, 267, -18, 41.58, 8.20
95.55, 265, -19, 41.58, 8.20
95.60, 264, -20, 41.58, 8.20
95.65, 265, -21, 41.58, 8.20
95.70, 265, -22, 41.58, 8.20
95.75, 266, -23, 41.58, 8.20
95.80, 264, -24, 41.58, 8.20
95.85, 262, -24, 41.58, 8.20
95.90, 260, -24, 41.58, 8.20
95.95, 259, -24, 41.58, 8.20
96.00, 259, -24, 41.58, 8.20
96.05, 262, -23, 41.58, 8.20
96.10, 263, -23, 41.58, 8.20
96.15, 262, -22, 41.58, 8.20
96.20, 259, -22, 41.58, 8.20
96.25, 256, -21, 41.58, 8.20
96.30, 255, -21, 41.58, 8.20
96.35, 257, -20, 41.58, 8.20
96.40, 256, -19, 41.58, 8.20
96.45, 257, -19, 41.58, 8.20
96.50, 254, -19, 41.58, 8.20
96.55, 252, -19, 41.58, 8.20
96.60, 250, -19, 41.58, 8.20
96.65, 246, -20, 41.58, 8.20
96.70, 245, -21, 41.58, 8.20
96.75, 242, -21, 41.58, 8.20
96.80, 241, -22, 41.58, 8.20
96.85, 239, -22, 41.58, 8.20
96.90, 239, -22, 41.58, 8.20
96.95, 238, -22, 41.58, 8.20
97.00, 237, -22, 41.58, 8.20
97.05, 237, -22, 41.56, 8.20
97.10, 237, -22, 41.58, 8.20
97.15, 236, -21, 41.58, 8.20
97.20, 236, -20, 41.58, 8.20
97.25, 234, -20, 41.58, 8.20
97.30, 235, -20, 41.56, 8.20
97.35, 233, -20, 41.58, 8.20
97.40, 232, -20, 41.58, 8.20
97.45, 231, -20, 41.58, 8.20
97.50, 229, -19, 41.58, 8.20
97.55, 228, -19, 41.58, 8.20
97.60, 227, -18, 41.58, 8.20
97.65, 225, -17, 41.58, 8.20
97.70, 223, -16, 41.58, 8.20
97.75, 221, -16, 41.58, 8.20
97.80, 219, -15, 41.58, 8.20
97.85, 219, -15, 41.58, 8.20
97.90, 218, -15, 41.58, 8.20
97.95, 216, -15, 41.58, 8.20
98.00, 219, -15, 41.58, 8.20
98.05, 220, -15, 41.58, 8.20
98.10, 220, -15, 41.58, 8.20
98.15, 219, -16, 41.58, 8.20
98.20, 218, -16, 41.58, 8.20
98.25, 220, -17, 41.58, 8.20
98.30, 219, -17, 41.58, 8.20
98.35, 217, -17, 41.58, 8.20
98.40, 216, -17, 41.58, 8.20
98.45, 216, -16, 41.58, 8.20
98.50, 215, -16, 41.58, 8.20
98.55, 215, -16, 41.58, 8.20
98.60, 214, -15, 41.58, 8.20
98.65, 214, -15, 41.58, 8.20
98.70, 211, -15, 41.58, 8.20
98.75, 211, -14, 41.58, 8.20
98.80, 211, -14, 41.56, 8.20
98.85, 209, -14, 41.58, 8.20
98.90, 210, -14, 41.58, 8.20
98.95, 208, -15, 41.56, 8.20
99.00, 208, -16, 41.56, 8.20
99.05, 208, -16, 41.54, 8.20
99.10, 207, -17, 41.54, 8.20
99.15, 204, -17, 41.58, 8.20
99.20, 201, -18, 41.58, 8.20
99.25, 201, -18, 41.56, 8.20
99.30, 200, -18, 41.56, 8.20
99.35, 200, -19, 41.56, 8.20
99.40, 199, -19, 41.56, 8.20
99.45, 198, -19, 41.54, 8.20
99.50, 198, -20, 41.54, 8.20
99.55, 196, -20, 41.54, 8.20
99.60, 195, -20, 41.54, 8.20
99.65, 195, -20, 41.56, 8.20
99.70, 193, -20, 41.56, 8.20
99.75, 191, -20, 41.54, 8.20
99.80, 192, -20, 41.54, 8.20
99.85, 191, -20, 41.54, 8.20
99.90, 188, -20, 41.54, 8.20
99.95, 188, -21, 41.54, 8.20
100.00, 189, -21, 41.54, 8.20
100.05, 185, -22, 41.54, 8.20
100.10, 185, -23, 41.54, 8.20
100.15, 185, -23, 41.54, 8.20
100.20, 183, -23, 41.54, 8.20
100.25, 183, -23, 41.54, 8.20
100.30, 182, -23, 41.54, 8.20
100.35, 179, -23, 41.54, 8.20
100.40, 178, -23, 41.52, 8.20
100.45, 176, -23, 41.54, 8.20
100.50, 176, -23, 41.54, 8.20
100.55, 176, -23, 41.54, 8.20
100.60, 174, -23, 41.54, 8.20
100.65, 173, -23, 41.54, 8.20
100.70, 172, -23, 41.52, 8.20
100.75, 172, -23, 41.54, 8.20
100.80, 170, -23, 41.54, 8.20
100.85, 170, -23, 41.54, 8.20
100.90, 169, -22, 41.50, 8.20
100.95, 166, -21, 41.54, 8.20
101.00, 165, -20, 41.52, 8.20
101.05, 161, -20, 41.52, 8.20
101.10, 159, -19, 41.52, 8.20
101.15, 157, -19, 41.52, 8.20
101.20, 156, -19, 41.50, 8.20
101.25, 155, -19, 41.50, 8.20
101.30, 154, -19, 41.50, 8.20
101.35, 154, -18, 41.50, 8.20
101.40, 152, -18, 41.50, 8.20
101.45, 152, -18, 41.50, 8.20
101.50, 150, -18, 41.50, 8.20
101.55, 150, -18, 41.50, 8.20
101.60, 149, -18, 41.50, 8.20
101.65, 147, -18, 41.50, 8.20
101.70, 146, -18, 41.50, 8.20
101.75, 145, -18, 41.50, 8.20
101.80, 146, -18, 41.50, 8.20
101.85, 145, -18, 41.50, 8.20
101.90, 147, -18, 41.50, 8.20
101.95, 148, -17, 41.50, 8.20
102.00, 150, -17, 41.50, 8.20
102.05, 148, -16, 41.50, 8.20
102.10, 148, -16, 41.50, 8.20
102.15, 147, -16, 41.50, 8.20
102.20, 146, -15, 41.50, 8.20
102.25, 143, -15, 41.52, 8.20
102.30, 144, -15, 41.52, 8.20
102.35, 143, -15, 41.50, 8.20
102.40, 142, -15, 41.50, 8.20
102.45, 141, -15, 41.50, 8.20
102.50, 141, -15, 41.50, 8.20
102.55, 137, -15, 41.52, 8.20
102.60, 139, -15, 41.50, 8.20
102.65, 138, -15, 41.50, 8.20
102.70, 136, -15, 41.50, 8.20
102.75, 137, -15, 41.50, 8.20
102.80, 135, -15, 41.50, 8.20
102.85, 133, -15, 41.52, 8.20
102.90, 132, -16, 41.50, 8.20
102.95, 132, -17, 41.50, 8.20
103.00, 132, -17, 41.50, 8.20
103.05, 129, -18, 41.52, 8.20
103.10, 126, -18, 41.50, 8.20
103.15, 126, -19, 41.50, 8.20
103.20, 124, -19, 41.50, 8.20
103.25, 125, -20, 41.50, 8.20
103.30, 125, -20, 41.50, 8.20
103.35, 123, -21, 41.50, 8.20
103.40, 124, -21, 41.49, 8.20
103.45, 122, -20, 41.49, 8.20
103.50, 121, -20, 41.49, 8.20
103.55, 120, -20, 41.47, 8.20
103.60, 119, -19, 41.47, 8.20
103.65, 117, -19, 41.49, 8.20
103.70, 118, -19, 41.49, 8.20
103.75, 115, -20, 41.49, 8.20
103.80, 117, -20, 41.47, 8.20
103.85, 117, -20, 41.47, 8.20
103.90, 115, -20, 41.49, 8.20
103.95, 115, -20, 41.49, 8.20
104.00, 113, -19, 41.49, 8.20
104.05, 114, -18, 41.47, 8.20
104.10, 112, -18, 41.47, 8.20
104.15, 108, -18, 41.47, 8.20
104.20, 105, -18, 41.49, 8.20
104.25, 103, -18, 41.50, 8.20
104.30, 100, -18, 41.50, 8.20
104.35, 102, -19, 41.49, 8.20
104.40, 101, -18, 41.50, 8.20
104.45, 101, -18, 41.50, 8.20
104.50, 101, -18, 41.49, 8.20
104.55, 101, -18, 41.50, 8.20
104.60, 100, -18, 41.50, 8.20
104.65, 100, -18, 41.49, 8.20
104.70, 98, -18, 41.50, 8.20
104.75, 95, -18, 41.50, 8.20
104.80, 94, -19, 41.50, 8.20
104.85, 93, -19, 41.50, 8.20
104.90, 91, -19, 41.50, 8.20
104.95, 93, -18, 41.49, 8.20
105.00, 94, -18, 41.47, 8.20
105.05, 94, -18, 41.49, 8.20
105.10, 93, -18, 41.47, 8.20
105.15, 90, -17, 41.49, 8.20
105.20, 89, -17, 41.47, 8.20
105.25, 88, -17, 41.49, 8.20
105.30, 86, -17, 41.49, 8.20
105.35, 88, -17, 41.47, 8.20
105.40, 86, -17, 41.47, 8.20
105.45, 86, -17, 41.49, 8.20
105.50, 86, -17, 41.47, 8.20
105.55, 83, -17, 41.47, 8.20
105.60, 84, -17, 41.47, 8.20
105.65, 82, -17, 41.49, 8.20
105.70, 80, -17, 41.49, 8.20
105.75, 80, -17, 41.49, 8.20
105.80, 79, -17, 41.49, 8.20
105.85, 79, -17, 41.47, 8.20
105.90, 78, -17, 41.49, 8.20
105.95, 80, -17, 41.47, 8.20
106.00, 79, -17, 41.49, 8.20
106.05, 76, -17, 41.49, 8.20
106.10, 75, -17, 41.49, 8.20
106.15, 72, -16, 41.49, 8.20
106.20, 71, -16, 41.47, 8.20
106.25, 70, -15, 41.49, 8.20
106.30, 68, -15, 41.50, 8.20
106.35, 68, -16, 41.50, 8.20
106.40, 68, -16, 41.50, 8.20
106.45, 67, -17, 41.49, 8.20
106.50, 67, -17, 41.49, 8.20
106.55, 66, -17, 41.49, 8.20
106.60, 65, -17, 41.50, 8.20
106.65, 63, -17, 41.50, 8.20
106.70, 64, -16, 41.49, 8.20
106.75, 61, -16, 41.50, 8.20
106.80, 62, -16, 41.49, 8.20
106.85, 60, -16, 41.49, 8.20
106.90, 58, -17, 41.50, 8.20
106.95, 58, -18, 41.50, 8.20
107.00, 60, -18, 41.49, 8.20
107.05, 62, -19, 41.47, 8.20
107.10, 60, -19, 41.47, 8.20
107.15, 57, -19, 41.47, 8.20
107.20, 57, -18, 41.49, 8.20
107.25, 60, -18, 41.49, 8.20
107.30, 58, -17, 41.47, 8.20
107.35, 56, -17, 41.47, 8.20
107.40, 53, -16, 41.47, 8.20
107.45, 48, -16, 41.49, 8.20
107.50, 48, -17, 41.47, 8.20
107.55, 50, -17, 41.47, 8.20
107.60, 51, -17, 41.47, 8.20
107.65, 49, -17, 41.47, 8.20
107.70, 50, -17, 41.47, 8.20
107.75, 48, -18, 41.47, 8.20
107.80, 48, -18, 41.47, 8.20
107.85, 47, -18, 41.47, 8.20
107.90, 43, -18, 41.47, 8.20
107.95, 43, -17, 41.47, 8.20
108.00, 38, -17, 41.47, 8.20
108.05, 37, -16, 41.47, 8.20
108.10, 34, -16, 41.47, 8.20
108.15, 35, -16, 41.47, 8.20
108.20, 36, -16, 41.47, 8.20
108.25, 37, -16, 41.47, 8.20
108.30, 35, -16, 41.47, 8.20
108.35, 37, -15, 41.47, 8.20
108.40, 35, -15, 41.47, 8.20
108.45, 35, -15, 41.47, 8.20
108.50, 33, -16, 41.47, 8.20
108.55, 32, -17, 41.47, 8.20
108.60, 30, -19, 41.47, 8.20
108.65, 29, -19, 41.47, 8.20
108.70, 29, -19, 41.45, 8.20
108.75, 25, -19, 41.47, 8.20
108.80, 24, -18, 41.47, 8.20
108.85, 22, -18, 41.47, 8.20
108.90, 25, -17, 41.45, 8.20
108.95, 28, -17, 41.45, 8.20
109.00, 31, -16, 41.45, 8.20
109.05, 30, -16, 41.45, 8.20
109.10, 29, -16, 41.45, 8.20
109.15, 27, -16, 41.41, 8.20
109.20, 24, -17, 41.45, 8.20
109.25, 25, -17, 41.45, 8.20
109.30, 25, -17, 41.45, 8.20
109.35, 26, -18, 41.45, 8.20
109.40, 24, -18, 41.45, 8.20
109.45, 23, -18, 41.45, 8.20
109.50, 18, -17, 41.45, 8.20
109.55, 6, -17, 41.45, 8.20
109.60, 8, -16, 41.45, 8.20
109.65, 15, -16, 41.45, 8.20
109.70, 13, -15, 41.45, 8.20
109.75, 10, -14, 41.47, 8.20
109.80, 11, -14, 41.45, 8.20
109.85, 12, -14, 41.47, 8.20
109.90, 9, -14, 41.45, 8.20
109.95, 11, -15, 41.45, 8.20
110.00, 5, -15, 41.45, 8.20
110.05, 3, -15, 41.45, 8.20
110.10, 3, -15, 41.45, 8.20
110.15, 4, -14, 41.45, 8.20
110.20, 3, -14, 41.45, 8.20
110.25, 1, -14, 41.47, 8.20
110.30, 2, -14, 41.45, 8.20
110.35, 1, -13, 41.45, 8.20
110.40, 0, -12, 41.47, 8.20
110.45, -1, -11, 41.47, 8.20
110.50, -1, -9, 41.45, 8.20
110.55, -2, -8, 41.45, 8.20
110.60, -2, -7, 41.45, 8.20
110.65, -2, -7, 41.45, 8.20
110.70, -1, -7, 41.45, 8.20
110.75, -2, -7, 41.47, 8.20
110.80, -2, -7, 41.45, 8.20
110.85, -1, -6, 41.45, 8.20
110.90, -2, -6, 41.45, 8.20
110.95, -2, -5, 41.45, 8.20
111.00, -1, -4, 41.45, 8.20
111.05, 0, -3, 41.45, 8.20
111.10, -1, -3, 41.45, 8.20
111.15, -2, -2, 41.47, 8.20
111.20, -1, -2, 41.45, 8.20
111.25, -1, -2, 41.45, 8.20
111.30, -2, -2, 41.45, 8.20
111.35, -2, -1, 41.45, 8.20
111.40, -1, -1, 41.45, 8.20
111.45, -2, -0, 41.47, 8.20
111.50, 0, 0, 41.45, 8.20
111.55, -1, 0, 41.45, 8.20
111.60, -2, 0, 41.45, 8.20
111.65, -3, 0, 41.47, 8.20
111.70, -2, 0, 41.45, 8.20
111.75, -2, 0, 41.47, 8.20
111.80, -1, 0, 41.47, 8.20
111.85, -2, 0, 41.47, 8.20
111.90, -1, 0, 41.47, 8.20
111.95, -2, -0, 41.47, 8.20
112.00, -2, -0, 41.47, 8.20
112.05, 0, -0, 41.45, 8.20
112.10, -1, -0, 41.47, 8.20
112.15, -1, -0, 41.47, 8.20
112.20, -2, -0, 41.47, 8.20
112.25, -2, -0, 41.47, 8.20
112.30, -2, -0, 41.47, 8.20
112.35, -1, -0, 41.47, 8.20
112.40, -1, 0, 41.47, 8.20
112.45, 0, 0, 41.47, 8.20
112.50, -2, 0, 41.47, 8.20
112.55, -1, 0, 41.47, 8.20
112.60, -1, 0, 41.47, 8.20
112.65, -2, 0, 41.47, 8.20
112.70, -1, 0, 41.47, 8.20
112.75, -1, 0, 41.47, 8.20
112.80, -1, -0, 41.47, 8.20
112.85, -1, -0, 41.47, 8.20
112.90, -2, -0, 41.47, 8.20
112.95, -2, -0, 41.47, 8.20
113.00, -2, -0, 41.47, 8.20
113.05, -2, -0, 41.47, 8.20
113.10, -1, -0, 41.47, 8.20
113.15, -2, -0, 41.47, 8.20
113.20, -2, 0, 41.47, 8.20
113.25, -2, 0, 41.47, 8.20
113.30, -2, 0, 41.47, 8.20
113.35, -1, -0, 41.47, 8.20
113.40, -1, -0, 41.47, 8.20
113.45, -1, -0, 41.47, 8.20
113.50, -1, -0, 41.47, 8.20
113.55, -1, -0, 41.47, 8.20
113.60, -1, -0, 41.47, 8.20
113.65, -1, -0, 41.47, 8.20
113.70, -2, -0, 41.47, 8.20
113.75, -2, -0, 41.47, 8.20
113.80, -2, -0, 41.47, 8.20
113.85, -2, 0, 41.47, 8.20
113.90, -1, 0, 41.47, 8.20
113.95, -2, 0, 41.47, 8.20
114.00, -3, 0, 41.47, 8.20
114.05, -1, 0, 41.47, 8.20
114.10, -1, 0, 41.47, 8.20
114.15, -1, 0, 41.47, 8.20
114.20, -2, 0, 41.47, 8.20
114.25, -2, 0, 41.49, 8.20
114.30, -1, 0, 41.47, 8.20
114.35, -1, 0, 41.47, 8.20
114.40, -2, 0, 41.47, 8.20
114.45, -3, -0, 41.49, 8.20
114.50, -2, -0, 41.47, 8.20
114.55, -1, -0, 41.47, 8.20
114.60, -2, -0, 41.49, 8.20
114.65, -2, -0, 41.47, 8.20
114.70, -2, 0, 41.49, 8.20
114.75, -1, 0, 41.49, 8.20
114.80, 0, 0, 41.47, 8.20
114.85, -2, 0, 41.49, 8.20
114.90, -1, 0, 41.47, 8.20
114.95, -2, 0, 41.47, 8.20
115.00, -2, -0, 41.47, 8.20
115.05, -2, -0, 41.49, 8.20
115.10, 0, -0, 41.47, 8.20
115.15, -1, -0, 41.47, 8.20
115.20, -2, 0, 41.49, 8.20
115.25, -1, 1, 41.47, 8.20
115.30, 0, 1, 41.47, 8.20
115.35, -1, 1, 41.47, 8.20
115.40, -1, 0, 41.49, 8.20
115.45, -2, -1, 41.49, 8.20
115.50, -1, -1, 41.47, 8.20
115.55, -2, -1, 41.49, 8.20
115.60, -2, -0, 41.47, 8.20
115.65, -1, 1, 41.47, 8.20
115.70, -2, 1, 41.49, 8.20
115.75, -1, 1, 41.49, 8.20
115.80, -1, -1, 41.47, 8.20
115.85, -1, -2, 41.47, 8.20
115.90, -2, -0, 41.49, 8.20
115.95, -2, -0, 41.47, 8.20
116.00, -3, -0, 41.49, 8.20
116.05, -2, -0, 41.49, 8.20
116.10, -1, -0, 41.47, 8.20
116.15, -1, -0, 41.49, 8.20
116.20, -1, -0, 41.47, 8.20
116.25, -2, -0, 41.49, 8.20
116.30, -1, -0, 41.47, 8.20
116.35, -2, -0, 41.49, 8.20
