timestampMs	pressurePa	barometerTemperatureK	accelerationMSS_x	accelerationMSS_y	accelerationMSS_z	velocityRadS_x	velocityRadS_y	velocityRadS_z	imuTemperatureK	batteryVoltageV	altitudeM	velocityMS	accelerationMSS	unfilteredAltitudeM	flightState	drogueContinuity	drogueFired	mainContinuity	mainFired
176441	100754.062500	307.07	1.771709	-0.086191	-9.710882	0.037247	0.002128	-0.018091	310.92	0.01	1.94	1.15	-0.10	50.297691	0	0	0	0	0
181441	100779.843750	307.00	1.786074	-0.081402	-9.672574	0.039376	0.003192	-0.015963	310.97	0.01	0.17	-0.39	-0.11	48.407131	0	0	0	0	0
186441	100755.125000	306.62	1.771709	-0.095768	-9.658209	0.037247	-0.002128	-0.017027	310.38	0.00	0.70	0.07	-0.13	50.607051	0	0	0	0	0
191441	100763.453125	306.20	1.776497	-0.086191	-9.691728	0.038312	0.001064	-0.017027	310.53	0.00	0.63	0.02	-0.13	49.865818	0	0	0	0	0
196441	100771.562500	305.79	1.790862	-0.076614	-9.682151	0.037247	-0.001064	-0.014899	310.09	0.01	0.33	-0.29	-0.13	49.144100	0	0	0	0	0
201441	100766.750000	305.41	1.800439	-0.095768	-9.691728	0.037247	0.001064	-0.019156	309.85	0.00	0.80	-0.10	-0.12	49.572395	0	0	0	0	0
206441	100761.765625	305.03	1.781286	-0.071826	-9.686940	0.039376	0.002128	-0.017027	309.45	0.01	0.58	-0.39	-0.12	50.016006	0	0	0	0	0
211441	100767.890625	304.69	1.766920	-0.086191	-9.682151	0.034055	0.002128	-0.017027	309.21	0.01	0.78	-0.18	-0.12	49.470882	0	0	0	0	0
216441	100764.906250	304.41	1.757344	-0.071826	-9.696516	0.037247	-0.001064	-0.017027	308.82	0.00	-0.94	-0.78	-0.11	49.407669	0	0	0	0	0
221441	100785.796875	304.15	1.766920	-0.090979	-9.763554	0.039376	0.000000	-0.018091	308.77	0.00	-1.19	-0.97	-0.09	47.560852	0	0	0	0	0
226441	100761.031250	303.95	1.776497	-0.153228	-9.691728	0.038312	0.000000	-0.017027	308.28	0.00	-0.21	-0.04	-0.11	49.750270	0	0	0	0	0
231441	100765.375000	303.70	1.776497	-0.071826	-9.686940	0.037247	0.001064	-0.014899	308.43	0.00	-0.30	-0.21	-0.11	49.366226	0	0	0	0	0
236441	100768.203125	303.53	1.786074	-0.105344	-9.715670	0.034055	0.000000	-0.017027	308.13	0.00	-0.17	-0.10	-0.09	49.116191	0	0	0	0	0
241441	100750.843750	303.37	1.757344	-0.057460	-9.658209	0.037247	-0.001064	-0.019156	307.84	0.01	0.54	0.45	-0.12	50.651027	0	0	0	0	0
246441	100753.656250	303.20	1.728613	-0.100556	-9.686940	0.037247	-0.002128	-0.020220	307.84	0.00	0.01	-0.10	-0.11	50.402343	0	0	0	0	0
251441	100751.281250	303.10	1.781286	-0.081402	-9.686940	0.037247	0.002128	-0.019156	307.89	0.01	0.26	0.22	-0.12	50.612342	0	0	0	0	0
256441	100748.890625	303.00	1.776497	-0.071826	-9.658209	0.032990	0.000000	-0.015963	307.35	0.00	0.03	-0.09	-0.13	50.823726	0	0	0	0	0
261441	100766.640625	302.90	1.790862	-0.071826	-9.667786	0.037247	0.003192	-0.020220	307.55	0.00	-0.72	-0.96	-0.12	49.254333	0	0	0	0	0
266441	100736.609375	302.77	1.805227	-0.114921	-9.658209	0.036183	0.002128	-0.018091	307.35	0.00	0.61	0.26	-0.12	51.909725	0	0	0	0	0
271441	100741.718750	302.70	1.771709	-0.086191	-9.610325	0.036183	0.002128	-0.021284	307.15	0.01	0.31	-0.01	-0.16	51.457901	0	0	0	0	0
276441	100743.046875	302.62	1.771709	-0.105344	-9.658209	0.034055	0.001064	-0.017027	307.06	0.00	-0.18	-0.02	-0.13	51.001457	0	0	0	0	0
281441	100744.390625	302.54	1.733402	-0.067037	-9.461884	0.040440	0.002128	-0.017027	306.96	0.01	-0.11	0.01	-0.13	50.883419	0	0	0	0	0
286441	100750.812500	302.39	1.786074	-0.081402	-9.672574	0.038312	0.000000	-0.019156	306.86	0.01	-0.07	-0.02	-0.12	50.319320	0	0	0	0	0
291441	100748.359375	302.29	1.776497	-0.095768	-9.672574	0.036183	-0.001064	-0.018091	306.86	0.00	0.03	-0.00	-0.12	50.534801	0	0	0	0	0
296441	100740.828125	302.25	1.795651	-0.134075	-9.715670	0.037247	-0.003192	-0.015963	306.52	0.01	0.01	-0.19	-0.11	51.196361	0	0	0	0	0
301441	100749.671875	302.21	1.781286	-0.067037	-9.677363	0.036183	0.002128	-0.018091	306.66	0.01	-0.23	-0.30	-0.11	50.419509	0	0	0	0	0
306441	100742.156250	302.17	1.800439	-0.119710	-9.672574	0.036183	0.000000	-0.017027	306.81	0.00	0.36	-0.20	-0.11	51.079692	0	0	0	0	0
311441	100747.218750	302.11	1.781286	-0.086191	-9.677363	0.037247	0.000000	-0.021284	306.47	0.01	0.39	-0.14	-0.12	50.634990	0	0	0	0	0
316441	100748.484375	302.02	1.786074	-0.081402	-9.686940	0.036183	-0.001064	-0.019156	306.52	0.01	0.16	-0.33	-0.10	50.523818	0	0	0	0	0
321441	100749.781250	301.94	1.786074	-0.086191	-9.706093	0.036183	0.001064	-0.017027	306.32	0.00	0.47	-0.08	-0.10	50.409904	0	0	0	0	0
326441	100734.734375	301.87	1.800439	-0.081402	-9.715670	0.036183	0.001064	-0.020220	306.32	0.01	0.27	-0.43	-0.10	51.731678	0	0	0	0	0
331441	100747.281250	301.84	1.771709	-0.105344	-9.706093	0.035119	0.001064	-0.017027	306.32	0.01	0.93	0.10	-0.11	50.629501	0	0	0	0	0
336441	100735.984375	301.79	1.786074	-0.081402	-9.677363	0.037247	0.000000	-0.015963	306.13	0.00	0.93	0.03	-0.13	51.621868	0	0	0	0	0
341441	100728.468750	301.76	1.800439	-0.100556	-9.701305	0.036183	0.001064	-0.018091	306.13	0.01	1.21	0.22	-0.11	52.282119	0	0	0	0	0
346441	100753.593750	301.69	1.762132	-0.095768	-9.682151	0.036183	-0.001064	-0.020220	305.98	0.01	0.64	-0.51	-0.11	50.075023	0	0	0	0	0
351441	100758.625000	301.62	1.771709	-0.129286	-9.691728	0.039376	0.000000	-0.017027	306.13	0.00	0.65	-0.38	-0.11	49.633110	0	0	0	0	0
356441	100742.296875	301.64	1.781286	-0.062249	-9.710882	0.035119	0.002128	-0.014899	306.08	0.00	0.96	-0.39	-0.12	51.067340	0	0	0	0	0
361441	100734.765625	301.61	1.776497	-0.124498	-9.658209	0.038312	0.002128	-0.018091	305.98	0.01	1.28	-0.08	-0.11	51.728931	0	0	0	0	0
366441	100734.765625	301.61	1.805227	-0.071826	-9.686940	0.034055	0.002128	-0.019156	305.93	0.00	1.32	-0.16	-0.11	51.728931	0	0	0	0	0
371441	100710.906250	301.59	1.771709	-0.100556	-9.691728	0.034055	0.001064	-0.017027	305.93	0.01	1.84	0.10	-0.12	53.825157	0	0	0	0	0
376441	100727.234375	301.57	1.786074	-0.105344	-9.686940	0.036183	0.000000	-0.017027	305.98	0.01	1.68	0.00	-0.12	52.390563	0	0	0	0	0
381441	100723.453125	301.56	1.766920	-0.105344	-9.701305	0.035119	0.001064	-0.017027	305.93	0.00	1.69	-0.10	-0.11	52.722770	0	0	0	0	0
386441	100712.156250	301.51	1.776497	-0.114921	-9.677363	0.035119	0.002128	-0.018091	306.08	0.01	1.97	0.04	-0.12	53.715324	0	0	0	0	0
391441	100732.234375	301.51	1.776497	-0.081402	-9.667786	0.035119	0.002128	-0.019156	305.59	0.01	1.58	-0.26	-0.13	51.951301	0	0	0	0	0
396441	100724.703125	301.47	1.762132	-0.076614	-9.682151	0.037247	0.002128	-0.019156	305.88	0.00	2.11	0.08	-0.12	52.612949	0	0	0	0	0
401441	100737.250000	301.44	1.800439	-0.124498	-9.691728	0.035119	0.002128	-0.018091	305.73	0.01	-0.20	0.09	-0.12	51.307262	0	0	0	0	0
406441	100713.406250	301.43	1.790862	-0.081402	-9.701305	0.035119	-0.001064	-0.019156	305.68	0.01	0.64	0.64	-0.11	53.393795	0	0	0	0	0
411441	100722.187500	301.38	1.795651	-0.100556	-9.629479	0.036183	0.002128	-0.020220	305.78	0.00	-0.11	-0.12	-0.20	52.625312	0	0	0	0	0
416441	100725.953125	301.39	1.800439	-0.076614	-9.691728	0.034055	0.001064	-0.015963	305.68	0.00	-0.52	-0.47	-0.11	52.295783	0	0	0	0	0
421441	100742.265625	301.38	1.771709	-0.110133	-9.706093	0.035119	0.000000	-0.018091	305.59	0.01	-0.98	-0.99	-0.11	50.868400	0	0	0	0	0
426441	100722.187500	301.38	1.757344	-0.043095	-9.706093	0.034055	-0.001064	-0.017027	305.78	0.00	0.05	-0.06	-0.12	52.625312	0	0	0	0	0
431441	100718.421875	301.36	1.766920	-0.129286	-9.682151	0.035119	0.001064	-0.017027	305.73	0.01	0.22	0.07	-0.12	52.954853	0	0	0	0	0
436441	100734.718750	301.34	1.805227	-0.071826	-9.667786	0.038312	0.002128	-0.014899	305.68	0.00	-0.24	-0.51	-0.12	51.528747	0	0	0	0	0
441441	100734.718750	301.34	1.766920	-0.095768	-9.677363	0.036183	0.001064	-0.020220	305.68	0.00	-0.20	-0.65	-0.12	51.528747	0	0	0	0	0
446441	100730.953125	301.33	1.790862	-0.110133	-9.662998	0.036183	-0.001064	-0.018091	305.73	0.00	0.02	-0.48	-0.12	51.858253	0	0	0	0	0
451441	100710.890625	301.33	1.790862	-0.095768	-9.691728	0.035119	0.002128	-0.015963	305.73	0.00	1.09	0.41	-0.11	53.613960	0	0	0	0	0
456441	100730.953125	301.33	1.786074	-0.105344	-9.710882	0.036183	0.001064	-0.019156	305.73	0.00	0.06	-0.51	-0.11	51.858253	0	0	0	0	0
461441	100727.171875	301.31	1.766920	-0.071826	-9.696516	0.034055	0.001064	-0.018091	305.59	0.00	-0.06	-0.57	-0.11	52.189136	0	0	0	0	0
466441	100727.171875	301.31	1.762132	-0.052672	-9.701305	0.038312	0.003192	-0.018091	305.93	0.00	0.56	0.09	-0.12	52.189136	0	0	0	0	0
471441	100703.328125	301.29	1.776497	-0.076614	-9.701305	0.036183	0.002128	-0.017027	305.78	0.00	0.60	0.02	-0.11	54.275840	0	0	0	0	0
476441	100719.640625	301.28	1.781286	-0.110133	-9.682151	0.035119	0.001064	-0.019156	305.68	0.00	0.85	0.21	-0.11	52.848194	0	0	0	0	0
481441	100699.562500	301.28	1.776497	-0.095768	-9.701305	0.035119	-0.002128	-0.019156	305.88	0.01	0.88	0.31	-0.11	54.605430	0	0	0	0	0
486441	100719.640625	301.28	1.800439	-0.119710	-9.677363	0.037247	0.000000	-0.017027	305.78	0.00	0.30	-0.27	-0.12	52.848194	0	0	0	0	0
491441	100715.859375	301.26	1.786074	-0.095768	-9.653421	0.032990	0.001064	-0.015963	305.54	0.01	0.87	-0.03	-0.12	53.179107	0	0	0	0	0
496441	100715.859375	301.26	1.781286	-0.086191	-9.696516	0.035119	0.001064	-0.021284	305.39	0.00	0.45	-0.36	-0.11	53.179107	0	0	0	0	0
501441	100719.640625	301.28	1.781286	-0.067037	-9.677363	0.037247	0.001064	-0.018091	305.68	0.00	0.82	0.11	-0.12	52.848194	0	0	0	0	0
506441	100715.859375	301.26	1.786074	-0.095768	-9.691728	0.031926	0.001064	-0.019156	305.39	0.01	0.53	-0.21	-0.12	53.179107	0	0	0	0	0
511441	100719.640625	301.28	1.790862	-0.081402	-9.524134	0.035119	0.003192	-0.019156	305.73	0.01	0.80	0.01	-0.18	52.848194	0	0	0	0	0
516441	100712.109375	301.24	1.766920	-0.081402	-9.720458	0.037247	0.002128	-0.018091	305.59	0.00	1.08	0.20	-0.11	53.507297	0	0	0	0	0
521441	100735.937500	301.26	1.795651	-0.076614	-9.677363	0.035119	0.002128	-0.018091	305.59	0.00	-0.06	-0.73	-0.11	51.422103	0	0	0	0	0
526441	100715.859375	301.26	1.790862	-0.095768	-9.686940	0.032990	0.001064	-0.017027	305.68	0.01	0.67	-0.09	-0.11	53.179107	0	0	0	0	0
531441	100715.859375	301.26	1.795651	-0.086191	-9.691728	0.034055	0.001064	-0.017027	305.93	0.00	0.57	-0.26	-0.12	53.179107	0	0	0	0	0
536441	100712.109375	301.24	1.766920	-0.105344	-9.686940	0.037247	-0.001064	-0.015963	305.68	0.01	1.01	0.11	-0.11	53.507297	0	0	0	0	0
541441	100712.109375	301.24	1.800439	-0.081402	-9.691728	0.036183	0.001064	-0.017027	305.59	0.01	0.69	-0.17	-0.11	53.507297	0	0	0	0	0
546441	100732.171875	301.24	1.766920	-0.047884	-9.710882	0.034055	0.000000	-0.023412	305.68	0.00	0.65	-0.24	-0.12	51.751605	0	0	0	0	0
551441	100692.046875	301.24	1.786074	-0.090979	-9.720458	0.035119	0.000000	-0.019156	305.54	0.00	1.52	0.59	-0.12	55.263267	0	0	0	0	0
556441	100708.343750	301.23	1.766920	-0.095768	-9.686940	0.036183	-0.001064	-0.018091	305.54	0.00	0.89	-0.13	-0.12	53.836860	0	0	0	0	0
561441	100732.171875	301.24	1.790862	-0.100556	-9.696516	0.034055	0.004256	-0.020220	305.78	0.00	0.82	-0.16	-0.11	51.751605	0	0	0	0	0
566441	100692.046875	301.24	1.795651	-0.100556	-9.686940	0.035119	0.001064	-0.018091	305.73	0.01	1.25	0.04	-0.13	55.263267	0	0	0	0	0
571441	100732.171875	301.24	1.786074	-0.043095	-9.682151	0.035119	0.000000	-0.020220	305.54	0.00	0.35	-0.86	-0.11	51.751605	0	0	0	0	0
576441	100712.109375	301.24	1.800439	-0.071826	-9.686940	0.036183	-0.001064	-0.017027	305.59	0.00	0.75	-0.51	-0.11	53.507297	0	0	0	0	0
581441	100692.046875	301.24	1.814804	-0.119710	-9.696516	0.036183	0.001064	-0.018091	305.59	0.01	1.94	0.64	-0.11	55.263267	0	0	0	0	0
586441	100712.109375	301.24	1.800439	-0.100556	-9.658209	0.035119	0.003192	-0.017027	305.78	0.00	1.02	-0.35	-0.12	53.507297	0	0	0	0	0
591441	100712.109375	301.24	1.790862	-0.071826	-9.720458	0.035119	0.003192	-0.018091	305.68	0.00	1.17	-0.30	-0.12	53.507297	0	0	0	0	0
596441	100712.109375	301.24	1.790862	-0.105344	-9.677363	0.036183	0.002128	-0.019156	305.68	0.01	1.35	-0.09	-0.11	53.507297	0	0	0	0	0
601441	100712.109375	301.24	1.728613	-0.090979	-9.667786	0.034055	0.000000	-0.015963	305.59	0.01	1.43	0.02	-0.13	53.507297	0	0	0	0	0
606441	100712.109375	301.24	1.757344	-0.105344	-9.672574	0.036183	0.000000	-0.019156	305.68	0.00	1.05	-0.35	-0.12	53.507297	0	0	0	0	0
611441	100695.796875	301.26	1.766920	-0.076614	-9.696516	0.036183	0.002128	-0.020220	305.59	0.00	1.71	0.07	-0.13	54.935028	0	0	0	0	0
616441	100692.046875	301.24	1.766920	-0.071826	-9.720458	0.037247	0.002128	-0.017027	305.68	0.00	1.51	0.03	-0.11	55.263267	0	0	0	0	0
621441	100692.046875	301.24	1.786074	-0.090979	-9.682151	0.036183	0.000000	-0.017027	305.73	0.00	1.89	0.27	-0.12	55.263267	0	0	0	0	0
626441	100715.859375	301.26	1.762132	-0.105344	-9.672574	0.035119	0.000000	-0.019156	305.78	0.00	1.19	-0.49	-0.12	53.179107	0	0	0	0	0
631441	100695.796875	301.26	1.790862	-0.081402	-9.701305	0.031926	0.000000	-0.018091	305.73	0.00	2.12	0.43	-0.12	54.935028	0	0	0	0	0
636441	100695.796875	301.26	1.790862	-0.081402	-9.686940	0.035119	0.001064	-0.017027	305.54	0.00	1.85	0.11	-0.12	54.935028	0	0	0	0	0
641441	100695.796875	301.26	1.757344	-0.110133	-9.734824	0.036183	0.000000	-0.017027	305.54	0.01	1.99	0.26	-0.11	54.935028	0	0	0	0	0
646441	100708.343750	301.23	1.771709	-0.095768	-9.662998	0.034055	0.001064	-0.017027	305.78	0.00	1.59	-0.17	-0.11	53.836860	0	0	0	0	0
651441	100708.343750	301.23	1.800439	-0.110133	-9.658209	0.034055	0.001064	-0.018091	305.54	0.00	1.39	-0.32	-0.17	53.836860	0	0	0	0	0
656441	100704.562500	301.21	1.800439	-0.095768	-9.682151	0.036183	0.001064	-0.018091	305.59	0.01	1.51	-0.27	-0.11	54.167804	0	0	0	0	0
661441	100704.562500	301.21	1.762132	-0.110133	-9.667786	0.034055	0.001064	-0.015963	305.44	0.01	1.72	-0.12	-0.11	54.167804	0	0	0	0	0
666441	100697.046875	301.18	1.757344	-0.090979	-9.686940	0.034055	0.001064	-0.017027	305.54	0.00	1.99	0.08	-0.11	54.825614	0	0	0	0	0
671441	100697.046875	301.18	1.781286	-0.086191	-9.696516	0.035119	0.001064	-0.018091	305.78	0.01	2.28	0.14	-0.12	54.825614	0	0	0	0	0
676441	100700.796875	301.19	1.747767	-0.086191	-9.691728	0.036183	0.002128	-0.018091	305.59	0.00	0.06	0.07	-0.11	54.445621	0	0	0	0	0
681441	100717.109375	301.18	1.776497	-0.134075	-9.710882	0.034055	0.001064	-0.019156	305.68	0.00	-0.62	-0.46	-0.11	53.019302	0	0	0	0	0
686441	100697.046875	301.18	1.819593	-0.100556	-9.710882	0.034055	0.002128	-0.019156	305.59	0.00	0.30	0.21	-0.08	54.773536	0	0	0	0	0
691441	100697.046875	301.18	1.800439	-0.067037	-9.701305	0.034055	0.002128	-0.013834	305.59	0.01	-0.39	-0.46	-0.08	54.773536	0	0	0	0	0
696441	100697.046875	301.18	1.824381	-0.067037	-9.662998	0.034055	0.001064	-0.015963	305.73	0.00	0.11	-0.01	-0.12	54.773536	0	0	0	0	0
701441	100693.265625	301.16	1.795651	-0.057460	-9.672574	0.035119	0.000000	-0.015963	305.54	0.00	0.29	0.22	-0.11	55.104194	0	0	0	0	0
706441	100697.046875	301.18	1.790862	-0.086191	-9.734824	0.037247	0.001064	-0.019156	305.73	0.01	0.25	0.22	-0.07	54.773536	0	0	0	0	0
711441	100713.343750	301.16	1.781286	-0.086191	-9.682151	0.034055	-0.002128	-0.015963	305.59	0.00	0.09	-0.07	-0.11	53.348541	0	0	0	0	0
716441	100693.265625	301.16	1.786074	-0.100556	-9.677363	0.037247	0.002128	-0.019156	305.20	0.01	0.27	0.13	-0.13	55.104194	0	0	0	0	0
721441	100676.984375	301.18	1.786074	-0.138863	-9.677363	0.034055	0.001064	-0.021284	305.54	0.00	0.39	0.23	-0.12	56.528053	0	0	0	0	0
726441	100717.109375	301.18	1.781286	-0.095768	-9.672574	0.034055	0.001064	-0.021284	305.68	0.00	-0.32	-0.53	-0.12	53.019302	0	0	0	0	0
731441	100693.265625	301.16	1.781286	-0.110133	-9.677363	0.035119	-0.001064	-0.020220	305.54	0.01	0.51	0.29	-0.11	55.104194	0	0	0	0	0
736441	100713.343750	301.16	1.786074	-0.110133	-9.672574	0.035119	0.001064	-0.020220	305.54	0.01	-0.37	-0.62	-0.12	53.348541	0	0	0	0	0
741441	100713.343750	301.16	1.766920	-0.100556	-9.648633	0.035119	0.002128	-0.018091	305.44	0.00	0.23	-0.13	-0.12	53.348541	0	0	0	0	0
746441	100689.500000	301.14	1.766920	-0.110133	-9.672574	0.036183	0.000000	-0.017027	305.34	0.01	0.65	0.33	-0.12	55.433494	0	0	0	0	0
751441	100685.734375	301.13	1.766920	-0.095768	-9.706093	0.032990	0.001064	-0.019156	305.24	0.01	0.67	0.35	-0.16	55.762805	0	0	0	0	0
756441	100705.796875	301.13	1.781286	-0.076614	-9.686940	0.035119	0.001064	-0.018091	305.44	0.00	0.26	-0.17	-0.11	54.008415	0	0	0	0	0
761441	100702.031250	301.11	1.786074	-0.090979	-9.706093	0.035119	0.000000	-0.019156	305.39	0.01	0.33	-0.11	-0.11	54.337684	0	0	0	0	0
766441	100718.328125	301.09	1.762132	-0.086191	-9.715670	0.035119	0.000000	-0.017027	305.73	0.00	0.41	-0.17	-0.10	52.912746	0	0	0	0	0
771441	100678.203125	301.09	1.762132	-0.090979	-9.701305	0.036183	0.002128	-0.018091	305.54	0.00	0.94	0.44	-0.12	56.421459	0	0	0	0	0
776441	100661.906250	301.11	1.766920	-0.100556	-9.701305	0.036183	-0.002128	-0.018091	305.39	0.01	1.29	0.56	-0.11	57.846858	0	0	0	0	0
781441	100678.203125	301.09	1.771709	-0.100556	-9.682151	0.036183	0.001064	-0.019156	305.54	0.00	0.51	-0.07	-0.12	56.421459	0	0	0	0	0
786441	100702.031250	301.11	1.800439	-0.105344	-9.691728	0.036183	0.002128	-0.021284	305.34	0.00	0.26	-0.33	-0.12	54.337684	0	0	0	0	0
791441	100681.968750	301.11	1.795651	-0.086191	-9.677363	0.035119	0.001064	-0.020220	305.39	0.00	1.21	0.53	-0.13	56.092128	0	0	0	0	0
796441	100685.734375	301.13	1.771709	-0.067037	-9.691728	0.035119	0.001064	-0.018091	305.54	0.01	0.84	-0.02	-0.11	55.762805	0	0	0	0	0
801441	100705.796875	301.13	1.790862	-0.076614	-9.715670	0.035119	0.001064	-0.017027	305.54	0.00	0.46	-0.40	-0.11	54.008415	0	0	0	0	0
806441	100685.734375	301.13	1.795651	-0.086191	-9.749189	0.037247	0.002128	-0.019156	305.59	0.01	0.67	-0.26	-0.11	55.762805	0	0	0	0	0
811441	100689.500000	301.14	1.781286	-0.086191	-9.634267	0.036183	0.000000	-0.015963	305.54	0.01	0.68	-0.27	-0.11	55.433494	0	0	0	0	0
816441	100705.796875	301.13	1.790862	-0.129286	-9.706093	0.037247	-0.001064	-0.019156	305.44	0.00	0.10	-0.99	-0.11	54.008415	0	0	0	0	0
821441	100702.031250	301.11	1.795651	-0.086191	-9.677363	0.036183	0.001064	-0.017027	305.39	0.01	0.48	-0.34	-0.11	54.337684	0	0	0	0	0
826441	100681.968750	301.11	1.757344	-0.105344	-9.701305	0.034055	-0.001064	-0.017027	305.78	0.01	0.94	0.03	-0.11	56.092128	0	0	0	0	0
831441	100685.734375	301.13	1.762132	-0.095768	-9.682151	0.035119	0.001064	-0.019156	305.54	0.00	0.89	-0.12	-0.12	55.762805	0	0	0	0	0
836441	100698.265625	301.09	1.766920	-0.114921	-9.696516	0.037247	0.002128	-0.017027	305.44	0.01	0.69	-0.39	-0.11	54.666961	0	0	0	0	0
841441	100702.031250	301.11	1.790862	-0.086191	-9.686940	0.035119	0.000000	-0.019156	305.44	0.01	0.84	-0.20	-0.12	54.337684	0	0	0	0	0
846441	100678.203125	301.09	1.762132	-0.100556	-9.696516	0.035119	0.002128	-0.020220	305.44	0.00	1.41	0.23	-0.10	56.421459	0	0	0	0	0
851441	100698.265625	301.09	1.786074	-0.090979	-9.682151	0.037247	0.001064	-0.020220	305.20	0.01	0.42	-0.64	-0.12	54.666961	0	0	0	0	0
856441	100678.203125	301.09	1.795651	-0.119710	-9.682151	0.035119	0.001064	-0.018091	305.73	0.01	1.08	0.06	-0.12	56.421459	0	0	0	0	0
861441	100690.718750	301.06	1.776497	-0.076614	-9.691728	0.034055	0.003192	-0.017027	305.34	0.00	0.83	-0.15	-0.10	55.326915	0	0	0	0	0
866441	100694.500000	301.08	1.771709	-0.090979	-9.682151	0.034055	0.001064	-0.018091	305.34	0.01	0.86	-0.17	-0.11	54.996250	0	0	0	0	0
871441	100678.203125	301.09	1.766920	-0.076614	-9.696516	0.035119	0.002128	-0.018091	305.54	0.01	1.53	0.44	-0.11	56.421459	0	0	0	0	0
876441	100698.265625	301.09	1.805227	-0.086191	-9.701305	0.036183	0.002128	-0.018091	305.54	0.00	0.55	-0.56	-0.11	54.666961	0	0	0	0	0
881441	100681.968750	301.11	1.800439	-0.100556	-9.686940	0.037247	0.000000	-0.018091	305.54	0.00	1.31	0.27	-0.12	56.092128	0	0	0	0	0
886441	100685.734375	301.13	1.776497	-0.076614	-9.710882	0.036183	-0.001064	-0.015963	305.59	0.01	0.47	-0.49	-0.11	55.762805	0	0	0	0	0
891441	100689.500000	301.14	1.742978	-0.076614	-9.667786	0.034055	0.001064	-0.017027	305.44	0.00	0.97	0.04	-0.12	55.433494	0	0	0	0	0
896441	100689.500000	301.14	1.786074	-0.090979	-9.696516	0.035119	0.001064	-0.017027	305.54	0.00	0.94	-0.08	-0.11	55.433494	0	0	0	0	0
901441	100689.500000	301.14	1.790862	-0.105344	-9.682151	0.034055	0.001064	-0.019156	305.68	0.00	0.66	-0.31	-0.12	55.433494	0	0	0	0	0
906441	100693.265625	301.16	1.790862	-0.086191	-9.710882	0.036183	0.001064	-0.014899	305.54	0.00	0.68	-0.21	-0.11	55.104194	0	0	0	0	0
911441	100693.265625	301.16	1.786074	-0.081402	-9.691728	0.034055	0.002128	-0.017027	305.54	0.01	0.49	-0.59	-0.12	55.104194	0	0	0	0	0
916441	100689.500000	301.14	1.786074	-0.095768	-9.677363	0.035119	0.002128	-0.017027	305.44	0.01	0.80	-0.06	-0.11	55.433494	0	0	0	0	0
921441	100689.500000	301.14	1.805227	-0.105344	-9.677363	0.037247	0.001064	-0.018091	305.54	0.00	0.72	-0.15	-0.12	55.433494	0	0	0	0	0
926441	100689.500000	301.14	1.810016	-0.119710	-9.696516	0.034055	0.001064	-0.015963	305.59	0.01	1.11	0.19	-0.11	55.433494	0	0	0	0	0
931441	100705.796875	301.13	1.786074	-0.067037	-9.677363	0.034055	0.001064	-0.014899	305.44	0.01	0.48	-0.33	-0.12	54.008415	0	0	0	0	0
936441	100702.031250	301.11	1.776497	-0.090979	-9.677363	0.037247	0.000000	-0.019156	305.39	0.00	0.18	-0.37	-0.12	54.337684	0	0	0	0	0
941441	100705.796875	301.13	1.766920	-0.143652	-9.720458	0.035119	0.002128	-0.018091	305.54	0.00	-0.05	-0.71	-0.11	54.008415	0	0	0	0	0
946441	100702.031250	301.11	1.776497	-0.110133	-9.686940	0.037247	0.000000	-0.019156	305.54	0.01	0.64	-0.30	-0.12	54.337684	0	0	0	0	0
951441	100661.906250	301.11	1.776497	-0.076614	-9.677363	0.035119	0.001064	-0.014899	305.54	0.00	1.04	0.16	-0.12	57.846858	0	0	0	0	0
956441	100694.500000	301.08	1.766920	-0.043095	-9.672574	0.037247	0.005321	-0.018091	305.54	0.00	0.76	-0.12	-0.12	54.996250	0	0	0	0	0
961441	100674.437500	301.08	1.790862	-0.100556	-9.691728	0.035119	0.001064	-0.021284	305.54	0.01	0.96	-0.04	-0.12	56.750801	0	0	0	0	0
966441	100686.968750	301.04	1.810016	-0.086191	-9.691728	0.035119	-0.002128	-0.017027	305.44	0.00	0.64	-0.32	-0.11	55.654857	0	0	0	0	0
971441	100686.968750	301.04	1.805227	-0.071826	-9.667786	0.032990	0.000000	-0.017027	305.34	0.01	0.80	-0.15	-0.13	55.654857	0	0	0	0	0
976441	100686.968750	301.04	1.771709	-0.119710	-9.672574	0.032990	0.000000	-0.014899	305.39	0.01	0.92	-0.01	-0.13	55.654857	0	0	0	0	0
981441	100703.234375	301.03	1.786074	-0.086191	-9.677363	0.036183	0.002128	-0.019156	305.54	0.00	0.58	-0.18	-0.11	54.232479	0	0	0	0	0
986441	100679.406250	301.01	1.781286	-0.134075	-9.662998	0.038312	0.001064	-0.015963	305.34	0.01	1.42	0.32	-0.12	56.316238	0	0	0	0	0
991441	100683.171875	301.03	1.781286	-0.086191	-9.691728	0.035119	-0.001064	-0.019156	305.39	0.01	1.24	0.26	-0.11	55.986907	0	0	0	0	0
996441	100695.687500	300.99	1.795651	-0.071826	-9.706093	0.036183	0.000000	-0.017027	305.20	0.00	0.53	-0.37	-0.10	54.892406	0	0	0	0	0
1001441	100691.937500	300.98	1.790862	-0.110133	-9.691728	0.035119	0.000000	-0.014899	305.44	0.01	1.24	0.25	-0.11	55.220336	0	0	0	0	0
1006441	100688.156250	300.96	1.795651	-0.047884	-9.696516	0.034055	0.001064	-0.017027	305.59	0.01	0.75	-0.06	-0.12	55.551006	0	0	0	0	0
1011441	100711.984375	300.98	1.781286	-0.100556	-9.658209	0.037247	0.002128	-0.018091	305.54	0.00	0.38	-0.56	-0.11	53.467395	0	0	0	0	0
1016441	100688.156250	300.96	1.714248	-0.038307	-9.706093	0.035119	0.001064	-0.015963	305.34	0.01	1.11	0.13	-0.11	55.551006	0	0	0	0	0
1021441	100691.937500	300.98	1.766920	-0.090979	-9.667786	0.034055	0.002128	-0.018091	305.44	0.01	1.12	0.17	-0.11	55.220336	0	0	0	0	0
1026441	100695.687500	300.99	1.900996	-0.038307	-9.691728	0.035119	0.001064	-0.021284	305.24	0.00	0.59	-0.05	-0.11	54.892406	0	0	0	0	0
1031441	100695.687500	300.99	1.790862	-0.090979	-9.720458	0.037247	0.000000	-0.017027	305.68	0.00	0.64	-0.05	-0.10	54.892406	0	0	0	0	0
1036441	100691.937500	300.98	1.766920	-0.076614	-9.691728	0.034055	0.001064	-0.015963	305.24	0.01	1.21	0.04	-0.11	55.220336	0	0	0	0	0
1041441	100671.875000	300.98	1.790862	-0.086191	-9.595960	0.039376	0.001064	-0.021284	305.39	0.00	1.81	0.71	-0.18	56.974925	0	0	0	0	0
1046441	100695.687500	300.99	1.771709	-0.076614	-9.682151	0.032990	0.002128	-0.015963	305.44	0.00	0.86	-0.16	-0.11	54.892406	0	0	0	0	0
1051441	100711.984375	300.98	1.776497	-0.110133	-9.677363	0.035119	-0.001064	-0.019156	305.24	0.01	0.81	-0.11	-0.10	53.467395	0	0	0	0	0
1056441	100668.109375	300.96	1.790862	-0.134075	-9.677363	0.035119	0.001064	-0.019156	305.34	0.00	1.23	0.36	-0.11	57.304283	0	0	0	0	0
1061441	100691.937500	300.98	1.771709	-0.086191	-9.639056	0.036183	0.003192	-0.020220	305.54	0.01	1.02	0.11	-0.15	55.220336	0	0	0	0	0
1066441	100691.937500	300.98	1.786074	-0.086191	-9.730035	0.035119	0.001064	-0.017027	305.39	0.01	1.00	-0.05	-0.11	55.220336	0	0	0	0	0
1071441	100688.156250	300.96	1.766920	-0.086191	-9.682151	0.036183	0.004256	-0.015963	305.24	0.00	1.34	0.28	-0.11	55.551006	0	0	0	0	0
1076441	100704.437500	300.94	1.762132	-0.081402	-9.710882	0.035119	0.002128	-0.017027	305.44	0.00	0.86	-0.10	-0.11	54.127277	0	0	0	0	0
1081441	100680.609375	300.93	1.805227	-0.105344	-9.715670	0.037247	0.001064	-0.015963	305.39	0.01	0.61	-0.21	-0.11	56.211013	0	0	0	0	0
1086441	100700.671875	300.93	1.762132	-0.124498	-9.706093	0.035119	-0.001064	-0.017027	305.39	0.00	0.17	-0.52	-0.11	54.456550	0	0	0	0	0
1091441	100664.328125	300.94	1.757344	-0.086191	-9.677363	0.035119	0.002128	-0.015963	305.20	0.01	1.63	0.75	-0.12	57.635017	0	0	0	0	0
1096441	100684.390625	300.94	1.786074	-0.110133	-9.691728	0.035119	0.000000	-0.017027	305.39	0.00	0.97	0.02	-0.13	55.880325	0	0	0	0	0
1101441	100708.218750	300.96	1.776497	-0.090979	-9.792284	0.036183	0.001064	-0.015963	305.24	0.00	0.60	-0.39	-0.10	53.796649	0	0	0	0	0
1106441	100691.937500	300.98	1.776497	-0.100556	-9.677363	0.035119	0.003192	-0.019156	305.34	0.01	0.96	-0.05	-0.12	55.220336	0	0	0	0	0
1111441	100691.937500	300.98	1.795651	-0.090979	-9.672574	0.036183	0.001064	-0.018091	305.34	0.01	0.66	-0.22	-0.11	55.220336	0	0	0	0	0
1116441	100679.406250	301.01	1.771709	-0.114921	-9.691728	0.035119	0.001064	-0.019156	305.44	0.00	0.62	-0.26	-0.12	56.316238	0	0	0	0	0
1121441	100699.453125	301.01	1.757344	-0.090979	-9.691728	0.037247	0.001064	-0.014899	305.39	0.01	0.29	-0.52	-0.11	54.563121	0	0	0	0	0
1126441	100679.406250	301.01	1.771709	-0.100556	-9.691728	0.034055	0.002128	-0.018091	305.05	0.00	1.24	0.25	-0.11	56.316238	0	0	0	0	0
1131441	100686.968750	301.04	1.771709	-0.148440	-9.696516	0.036183	0.000000	-0.018091	305.39	0.00	0.91	-0.02	-0.12	55.654857	0	0	0	0	0
1136441	100690.718750	301.06	1.752555	-0.134075	-9.730035	0.032990	0.000000	-0.017027	305.54	0.01	1.09	0.18	-0.09	55.326915	0	0	0	0	0
1141441	100690.718750	301.06	1.790862	-0.090979	-9.701305	0.034055	-0.001064	-0.019156	305.34	0.00	0.42	-0.48	-0.11	55.326915	0	0	0	0	0
1146441	100694.500000	301.08	1.795651	-0.114921	-9.691728	0.037247	0.000000	-0.017027	305.44	0.00	0.62	-0.13	-0.11	54.996250	0	0	0	0	0
1151441	100694.500000	301.08	1.776497	-0.100556	-9.686940	0.037247	0.002128	-0.017027	305.44	0.01	0.75	-0.08	-0.11	54.996250	0	0	0	0	0
1156441	100699.453125	301.01	1.810016	-0.090979	-9.720458	0.036183	0.001064	-0.017027	305.54	0.01	0.24	-0.63	-0.10	54.563121	0	0	0	0	0
1161441	100679.406250	301.01	1.766920	-0.095768	-9.706093	0.035119	0.001064	-0.015963	305.39	0.00	1.19	0.48	-0.10	56.316238	0	0	0	0	0
1166441	100691.937500	300.98	1.795651	-0.105344	-9.691728	0.034055	0.000000	-0.015963	305.34	0.01	0.97	0.25	-0.11	55.220336	0	0	0	0	0
1171441	100671.875000	300.98	1.771709	-0.081402	-9.682151	0.037247	0.004256	-0.015963	305.34	0.00	1.04	0.33	-0.11	56.974925	0	0	0	0	0
1176441	100691.937500	300.98	1.795651	-0.090979	-9.677363	0.034055	0.000000	-0.017027	305.44	0.00	0.46	-0.12	-0.11	55.220336	0	0	0	0	0
1181441	100695.687500	300.99	1.766920	-0.119710	-9.662998	0.034055	0.000000	-0.019156	305.44	0.00	0.15	-0.44	-0.11	54.892406	0	0	0	0	0
1186441	100699.453125	301.01	1.790862	-0.095768	-9.691728	0.035119	0.002128	-0.017027	305.20	0.01	0.60	0.00	-0.11	54.563121	0	0	0	0	0
1191441	100699.453125	301.01	1.781286	-0.110133	-9.686940	0.037247	0.000000	-0.019156	305.39	0.00	0.21	-0.39	-0.11	54.563121	0	0	0	0	0
1196441	100691.937500	300.98	1.771709	-0.105344	-9.677363	0.038312	-0.001064	-0.017027	305.39	0.00	0.85	0.22	-0.11	55.220336	0	0	0	0	0
1201441	100691.937500	300.98	1.771709	-0.090979	-9.672574	0.036183	0.001064	-0.017027	305.44	0.00	0.93	0.15	-0.12	55.220336	0	0	0	0	0
1206441	100699.453125	301.01	1.766920	-0.076614	-9.672574	0.034055	0.001064	-0.015963	305.54	0.00	0.24	-0.56	-0.11	54.563121	0	0	0	0	0
1211441	100686.968750	301.04	1.829170	-0.076614	-9.696516	0.035119	0.001064	-0.020220	305.44	0.01	0.65	-0.27	-0.11	55.654857	0	0	0	0	0
1216441	100670.656250	301.06	1.790862	-0.100556	-9.667786	0.035119	0.001064	-0.019156	305.39	0.01	1.15	0.37	-0.12	57.081520	0	0	0	0	0
1221441	100690.718750	301.06	1.771709	-0.114921	-9.701305	0.034055	-0.001064	-0.014899	305.34	0.00	1.00	0.16	-0.11	55.326915	0	0	0	0	0
1226441	100678.203125	301.09	1.819593	-0.086191	-9.682151	0.035119	-0.001064	-0.020220	305.39	0.01	1.24	0.38	-0.12	56.421459	0	0	0	0	0
1231441	100681.968750	301.11	1.757344	-0.095768	-9.696516	0.035119	0.003192	-0.017027	305.24	0.00	0.68	-0.34	-0.11	56.092128	0	0	0	0	0
1236441	100681.968750	301.11	1.810016	-0.095768	-9.672574	0.034055	0.002128	-0.014899	305.24	0.00	0.93	-0.01	-0.14	56.092128	0	0	0	0	0
1241441	100681.968750	301.11	1.786074	-0.090979	-9.701305	0.035119	0.003192	-0.019156	305.59	0.01	0.84	-0.02	-0.12	56.092128	0	0	0	0	0
1246441	100689.500000	301.14	1.776497	-0.095768	-9.691728	0.032990	0.001064	-0.019156	305.54	0.01	0.63	-0.38	-0.12	55.433494	0	0	0	0	0
1251441	100669.437500	301.14	1.810016	-0.100556	-9.677363	0.035119	0.000000	-0.017027	305.44	0.00	1.61	0.50	-0.11	57.188117	0	0	0	0	0
1256441	100689.500000	301.14	1.771709	-0.081402	-9.686940	0.036183	-0.001064	-0.015963	305.68	0.01	1.15	0.05	-0.12	55.433494	0	0	0	0	0
1261441	100673.203125	301.16	1.742978	-0.129286	-9.710882	0.035119	-0.001064	-0.018091	305.44	0.00	1.12	0.21	-0.11	56.858764	0	0	0	0	0
1266441	100693.265625	301.16	1.766920	-0.090979	-9.686940	0.035119	0.000000	-0.018091	305.68	0.00	0.98	-0.03	-0.11	55.104194	0	0	0	0	0
1271441	100689.500000	301.14	1.771709	-0.110133	-9.715670	0.034055	0.001064	-0.017027	305.44	0.01	1.53	0.34	-0.11	55.433494	0	0	0	0	0
1276441	100689.500000	301.14	1.795651	-0.076614	-9.677363	0.032990	0.001064	-0.018091	305.39	0.01	0.96	-0.26	-0.11	55.433494	0	0	0	0	0
1281441	100685.734375	301.13	1.790862	-0.090979	-9.710882	0.035119	0.000000	-0.015963	305.54	0.00	1.27	-0.08	-0.11	55.762805	0	0	0	0	0
1286441	100702.031250	301.11	1.805227	-0.114921	-9.682151	0.035119	0.002128	-0.015963	305.44	0.00	0.71	-0.72	-0.11	54.337684	0	0	0	0	0
1291441	100702.031250	301.11	1.771709	-0.086191	-9.648633	0.036183	0.003192	-0.019156	305.59	0.01	1.19	-0.35	-0.12	54.337684	0	0	0	0	0
1296441	100702.031250	301.11	1.795651	-0.081402	-9.686940	0.037247	0.000000	-0.019156	305.54	0.00	0.71	-0.80	-0.13	54.337684	0	0	0	0	0
1301441	100685.734375	301.13	1.824381	-0.095768	-9.682151	0.034055	-0.002128	-0.019156	305.34	0.01	1.41	-0.07	-0.12	55.762805	0	0	0	0	0
1306441	100681.968750	301.11	1.766920	-0.067037	-9.648633	0.037247	0.003192	-0.018091	305.54	0.00	1.45	-0.14	-0.11	56.092128	0	0	0	0	0
1311441	100681.968750	301.11	1.766920	-0.095768	-9.686940	0.032990	0.001064	-0.017027	305.54	0.00	1.58	-0.02	-0.11	56.092128	0	0	0	0	0
1316441	100685.734375	301.13	1.776497	-0.124498	-9.715670	0.032990	0.002128	-0.018091	305.44	0.00	1.43	-0.17	-0.12	55.762805	0	0	0	0	0
1321441	100685.734375	301.13	1.771709	-0.100556	-9.682151	0.036183	0.002128	-0.015963	305.44	0.01	1.81	0.28	-0.13	55.762805	0	0	0	0	0
1326441	100689.500000	301.14	1.810016	-0.090979	-9.710882	0.032990	-0.001064	-0.014899	305.39	0.00	1.23	-0.33	-0.11	55.433494	0	0	0	0	0
1331441	100693.265625	301.16	1.771709	-0.124498	-9.696516	0.036183	0.003192	-0.015963	305.54	0.01	0.93	-0.70	-0.10	55.104194	0	0	0	0	0
1336441	100693.265625	301.16	1.786074	-0.105344	-9.667786	0.034055	0.001064	-0.018091	305.44	0.00	1.41	-0.19	-0.12	55.104194	0	0	0	0	0
1341441	100697.046875	301.18	1.776497	-0.114921	-9.686940	0.036183	0.000000	-0.020220	305.59	0.00	1.41	-0.31	-0.12	54.773536	0	0	0	0	0
1346441	100676.984375	301.18	1.771709	-0.095768	-9.682151	0.035119	0.003192	-0.021284	305.44	0.00	1.39	-0.22	-0.12	56.528053	0	0	0	0	0
1351441	100680.734375	301.19	1.795651	-0.110133	-9.696516	0.037247	0.003192	-0.018091	305.59	0.00	1.83	0.06	-0.11	56.200084	0	0	0	0	0
1356441	100680.734375	301.19	1.757344	-0.110133	-9.706093	0.035119	0.001064	-0.019156	305.44	0.00	1.99	0.08	-0.08	56.200084	0	0	0	0	0
1361441	100700.796875	301.19	1.805227	-0.110133	-9.667786	0.035119	0.002128	-0.018091	305.44	0.01	1.54	-0.48	-0.09	54.445621	0	0	0	0	0
1366441	100676.984375	301.18	1.790862	-0.090979	-9.691728	0.035119	0.002128	-0.017027	305.68	0.01	2.14	0.18	-0.11	56.528053	0	0	0	0	0
1371441	100680.734375	301.19	1.776497	-0.090979	-9.662998	0.034055	0.001064	-0.018091	305.68	0.00	2.20	0.08	-0.12	56.200084	0	0	0	0	0
1376441	100664.437500	301.21	1.757344	-0.124498	-9.710882	0.035119	0.001064	-0.015963	305.59	0.01	0.06	-0.23	-0.11	57.627342	0	0	0	0	0
1381441	100660.671875	301.19	1.800439	-0.114921	-9.682151	0.036183	0.000000	-0.019156	305.68	0.00	0.49	0.01	-0.11	57.956733	0	0	0	0	0
1386441	100664.437500	301.21	1.781286	-0.100556	-9.667786	0.035119	0.003192	-0.018091	305.59	0.00	0.47	0.13	-0.12	57.627342	0	0	0	0	0
1391441	100664.437500	301.21	1.786074	-0.090979	-9.667786	0.031926	0.002128	-0.017027	305.54	0.01	0.70	0.15	-0.12	57.627342	0	0	0	0	0
1396441	100664.437500	301.21	1.800439	-0.047884	-9.701305	0.036183	-0.001064	-0.020220	305.73	0.01	0.08	-0.56	-0.12	57.627342	0	0	0	0	0
1401441	100664.437500	301.21	1.766920	-0.095768	-9.686940	0.036183	-0.001064	-0.018091	305.54	0.00	0.72	0.04	-0.12	57.627342	0	0	0	0	0
1406441	100664.437500	301.21	1.757344	-0.110133	-9.720458	0.037247	0.003192	-0.017027	305.54	0.01	0.60	-0.12	-0.11	57.627342	0	0	0	0	0
1411441	100697.046875	301.18	1.805227	-0.162805	-9.701305	0.031926	0.000000	-0.017027	305.44	0.01	0.06	-0.61	-0.11	54.775333	0	0	0	0	0
1416441	100673.203125	301.16	1.800439	-0.129286	-9.643844	0.034055	0.004256	-0.017027	305.59	0.00	0.62	-0.15	-0.12	56.860630	0	0	0	0	0
1421441	100673.203125	301.16	1.781286	-0.090979	-9.648633	0.035119	0.000000	-0.015963	305.68	0.01	1.15	0.36	-0.11	56.860630	0	0	0	0	0
1426441	100661.906250	301.11	1.810016	-0.110133	-9.725247	0.035119	0.000000	-0.015963	305.44	0.00	0.40	-0.45	-0.09	57.848758	0	0	0	0	0
1431441	100678.203125	301.09	1.790862	-0.086191	-9.701305	0.035119	0.000000	-0.015963	305.73	0.00	0.51	-0.41	-0.11	56.423313	0	0	0	0	0
1436441	100661.906250	301.11	1.810016	-0.067037	-9.658209	0.032990	0.000000	-0.018091	305.54	0.00	1.29	0.24	-0.12	57.848758	0	0	0	0	0
1441441	100661.906250	301.11	1.766920	-0.052672	-9.696516	0.032990	0.002128	-0.018091	305.44	0.00	0.75	-0.16	-0.11	57.848758	0	0	0	0	0
1446441	100658.140625	301.09	1.776497	-0.105344	-9.686940	0.034055	0.000000	-0.013834	305.59	0.00	1.06	-0.04	-0.11	58.178153	0	0	0	0	0
1451441	100661.906250	301.11	1.805227	-0.095768	-9.682151	0.035119	0.001064	-0.022348	305.54	0.01	0.67	-0.52	-0.11	57.848758	0	0	0	0	0
1456441	100638.078125	301.09	1.747767	-0.110133	-9.682151	0.035119	0.002128	-0.019156	305.34	0.00	1.80	0.52	-0.11	59.933277	0	0	0	0	0
1461441	100665.671875	301.13	1.800439	-0.124498	-9.672574	0.034055	0.003192	-0.018091	305.44	0.00	0.81	-0.51	-0.12	57.519371	0	0	0	0	0
1466441	100669.437500	301.14	1.766920	-0.110133	-9.677363	0.032990	0.001064	-0.019156	305.44	0.01	0.78	-0.55	-0.12	57.189994	0	0	0	0	0
1471441	100645.609375	301.13	1.766920	-0.110133	-9.658209	0.036183	-0.001064	-0.018091	305.34	0.01	2.10	0.61	-0.12	59.274387	0	0	0	0	0
1476441	100669.437500	301.14	1.795651	-0.110133	-9.725247	0.034055	0.001064	-0.018091	305.44	0.00	1.01	-0.34	-0.11	57.189994	0	0	0	0	0
1481441	100673.203125	301.16	1.747767	-0.086191	-9.701305	0.036183	0.002128	-0.019156	305.44	0.00	1.05	-0.22	-0.09	56.860630	0	0	0	0	0
1486441	100653.140625	301.16	1.742978	-0.124498	-9.193734	0.040440	0.001064	-0.017027	305.59	0.01	1.56	-0.14	-0.30	58.615539	0	0	0	0	0
1491441	100649.375000	301.14	1.656787	-0.622492	-9.734824	0.030862	-0.001064	-0.017027	305.54	0.00	2.26	0.48	-0.11	58.944957	0	0	0	0	0
1496441	100649.375000	301.14	1.685518	-0.603338	-9.658209	0.034055	0.001064	-0.013834	305.44	0.01	1.79	0.04	-0.11	58.944957	0	0	0	0	0
1501441	100665.671875	301.13	1.651999	-0.622492	-9.677363	0.028734	0.002128	-0.017027	305.39	0.01	1.77	0.24	-0.11	57.519371	0	0	0	0	0
1506441	100665.671875	301.13	1.642422	-0.593762	-9.686940	0.029798	0.003192	-0.014899	305.54	0.00	1.50	-0.17	-0.11	57.519371	0	0	0	0	0
1511441	100669.437500	301.14	1.656787	-0.588973	-9.682151	0.030862	0.001064	-0.017027	305.54	0.01	0.83	-0.71	-0.11	57.189994	0	0	0	0	0
1516441	100653.140625	301.16	1.628057	-0.584185	-9.701305	0.029798	0.000000	-0.013834	305.44	0.01	1.67	0.02	-0.11	58.615539	0	0	0	0	0
1521441	100656.906250	301.18	1.628057	-0.603338	-9.686940	0.032990	0.002128	-0.015963	305.54	0.00	1.46	-0.24	-0.11	58.286132	0	0	0	0	0
1526441	100660.671875	301.19	1.656787	-0.560243	-9.701305	0.032990	0.000000	-0.012770	305.59	0.00	1.71	0.01	-0.11	57.956733	0	0	0	0	0
1531441	100660.671875	301.19	1.656787	-0.579396	-9.725247	0.031926	0.002128	-0.013834	305.73	0.01	1.52	-0.20	-0.11	57.956733	0	0	0	0	0
1536441	100656.906250	301.18	1.656787	-0.588973	-9.696516	0.029798	0.001064	-0.014899	305.73	0.00	1.70	-0.12	-0.12	58.286132	0	0	0	0	0
1541441	100660.671875	301.19	1.594538	-0.560243	-9.691728	0.029798	0.000000	-0.012770	305.44	0.01	1.31	-0.53	-0.10	57.956733	0	0	0	0	0
1546441	100656.906250	301.18	1.656787	-0.608127	-9.686940	0.035119	0.003192	-0.014899	305.44	0.01	1.84	-0.14	-0.11	58.286132	0	0	0	0	0
1551441	100656.906250	301.18	1.623268	-0.593762	-9.696516	0.030862	0.000000	-0.014899	305.88	0.00	1.75	-0.24	-0.11	58.286132	0	0	0	0	0
1556441	100653.140625	301.16	1.632845	-0.598550	-9.672574	0.034055	0.001064	-0.014899	305.44	0.00	0.10	0.13	-0.12	58.611976	0	0	0	0	0
1561441	100653.140625	301.16	1.642422	-0.574608	-9.677363	0.031926	0.001064	-0.015963	305.54	0.00	-0.30	-0.48	-0.11	58.611976	0	0	0	0	0
1566441	100653.140625	301.16	1.675941	-0.608127	-9.768342	0.027669	-0.002128	-0.013834	305.39	0.00	0.33	0.09	-0.11	58.611976	0	0	0	0	0
1571441	100656.906250	301.18	1.613691	-0.569819	-9.706093	0.032990	0.000000	-0.015963	305.54	0.00	-0.24	-0.49	-0.11	58.282588	0	0	0	0	0
1576441	100656.906250	301.18	1.651999	-0.574608	-9.701305	0.031926	0.000000	-0.013834	305.59	0.00	0.10	-0.33	-0.12	58.282588	0	0	0	0	0
1581441	100649.375000	301.14	1.666364	-0.569819	-9.667786	0.032990	0.000000	-0.014899	305.59	0.00	-0.02	-0.26	-0.11	58.941375	0	0	0	0	0
1586441	100669.437500	301.14	1.666364	-0.584185	-9.662998	0.031926	0.000000	-0.012770	305.54	0.01	-0.30	-0.44	-0.12	57.186519	0	0	0	0	0
1591441	100645.609375	301.13	1.661575	-0.588973	-9.710882	0.028734	0.000000	-0.018091	305.39	0.01	0.54	0.12	-0.11	59.270786	0	0	0	0	0
1596441	100669.437500	301.14	1.628057	-0.593762	-9.720458	0.032990	0.001064	-0.014899	305.44	0.00	0.15	-0.00	-0.11	57.186519	0	0	0	0	0
1601441	100654.375000	301.08	1.671152	-0.579396	-9.715670	0.031926	0.002128	-0.017027	305.68	0.01	0.16	-0.03	-0.10	58.504001	0	0	0	0	0
1606441	100678.203125	301.09	1.661575	-0.574608	-9.710882	0.030862	0.001064	-0.013834	305.44	0.00	-0.62	-0.62	-0.11	56.419883	0	0	0	0	0
1611441	100658.140625	301.09	1.675941	-0.541089	-9.677363	0.034055	0.000000	-0.015963	305.44	0.00	-0.06	-0.14	-0.11	58.174617	0	0	0	0	0
1616441	100661.906250	301.11	1.642422	-0.612915	-9.682151	0.031926	0.002128	-0.014899	305.39	0.00	-0.51	-0.55	-0.11	57.845241	0	0	0	0	0
1621441	100658.140625	301.09	1.637633	-0.588973	-9.691728	0.030862	0.000000	-0.013834	305.34	0.00	0.14	0.05	-0.10	58.174617	0	0	0	0	0
1626441	100654.375000	301.08	1.675941	-0.584185	-9.706093	0.029798	0.002128	-0.013834	305.39	0.00	0.15	0.17	-0.11	58.504001	0	0	0	0	0
1631441	100654.375000	301.08	1.647210	-0.584185	-9.691728	0.031926	0.002128	-0.014899	305.44	0.00	-0.24	-0.32	-0.11	58.504001	0	0	0	0	0
1636441	100650.609375	301.06	1.642422	-0.584185	-9.662998	0.030862	0.001064	-0.015963	305.34	0.00	0.23	0.17	-0.11	58.833396	0	0	0	0	0
1641441	100654.375000	301.08	1.656787	-0.584185	-9.662998	0.034055	-0.001064	-0.012770	305.39	0.00	0.08	0.05	-0.11	58.504001	0	0	0	0	0
1646441	100661.906250	301.11	1.651999	-0.569819	-9.686940	0.032990	0.001064	-0.017027	305.59	0.01	-0.28	-0.50	-0.11	57.845241	0	0	0	0	0
1651441	100634.312500	301.08	1.647210	-0.569819	-9.710882	0.030862	0.001064	-0.013834	305.54	0.00	0.45	0.38	-0.11	60.259071	0	0	0	0	0
1656441	100638.078125	301.09	1.647210	-0.579396	-9.701305	0.031926	0.002128	-0.013834	305.68	0.00	0.49	0.26	-0.11	59.929634	0	0	0	0	0
1661441	100641.843750	301.11	1.661575	-0.574608	-9.686940	0.031926	-0.002128	-0.014899	305.59	0.01	0.57	0.44	-0.11	59.600204	0	0	0	0	0
1666441	100665.671875	301.13	1.661575	-0.565031	-9.691728	0.030862	0.001064	-0.014899	305.39	0.00	-0.00	-0.23	-0.11	57.515872	0	0	0	0	0
1671441	100649.375000	301.14	1.647210	-0.574608	-9.706093	0.030862	0.002128	-0.017027	305.54	0.00	-0.00	-0.12	-0.11	58.941375	0	0	0	0	0
1676441	100649.375000	301.14	1.704671	-0.569819	-9.696516	0.028734	0.002128	-0.014899	305.39	0.01	0.39	0.42	-0.11	58.941375	0	0	0	0	0
1681441	100669.437500	301.14	1.647210	-0.584185	-9.710882	0.028734	0.002128	-0.017027	305.54	0.00	-0.12	-0.16	-0.11	57.186519	0	0	0	0	0
1686441	100649.375000	301.14	1.656787	-0.569819	-9.725247	0.031926	0.000000	-0.019156	305.54	0.00	0.33	0.21	-0.11	58.941375	0	0	0	0	0
1691441	100665.671875	301.13	1.651999	-0.569819	-9.667786	0.035119	0.001064	-0.014899	305.54	0.00	-0.50	-0.38	-0.11	57.515872	0	0	0	0	0
1696441	100649.375000	301.14	1.651999	-0.565031	-9.682151	0.031926	0.001064	-0.013834	305.73	0.01	-0.11	-0.04	-0.11	58.941375	0	0	0	0	0
1701441	100649.375000	301.14	1.656787	-0.579396	-9.682151	0.029798	0.004256	-0.014899	305.44	0.00	0.02	0.18	-0.11	58.941375	0	0	0	0	0
1706441	100649.375000	301.14	1.666364	-0.560243	-9.701305	0.031926	-0.002128	-0.014899	305.68	0.01	0.05	0.23	-0.11	58.941375	0	0	0	0	0
1711441	100649.375000	301.14	1.647210	-0.603338	-9.658209	0.030862	-0.001064	-0.015963	305.54	0.01	-0.26	0.08	-0.11	58.941375	0	0	0	0	0
1716441	100653.140625	301.16	1.651999	-0.584185	-9.648633	0.029798	0.004256	-0.014899	305.54	0.00	-0.01	0.29	-0.12	58.611976	0	0	0	0	0
1721441	100665.671875	301.13	1.651999	-0.541089	-9.706093	0.031926	0.000000	-0.014899	305.68	0.01	-0.79	-0.53	-0.10	57.515872	0	0	0	0	0
1726441	100649.375000	301.14	1.685518	-0.584185	-9.691728	0.034055	0.002128	-0.014899	305.34	0.00	-0.24	0.14	-0.11	58.941375	0	0	0	0	0
1731441	100653.140625	301.16	1.618480	-0.608127	-9.715670	0.032990	0.003192	-0.012770	305.44	0.00	0.01	0.27	-0.10	58.611976	0	0	0	0	0
1736441	100649.375000	301.14	1.637633	-0.574608	-9.710882	0.032990	0.000000	-0.015963	305.54	0.01	-0.00	0.27	-0.11	58.941375	0	0	0	0	0
1741441	100649.375000	301.14	1.632845	-0.584185	-9.686940	0.030862	-0.001064	-0.018091	305.54	0.01	-0.48	-0.15	-0.11	58.941375	0	0	0	0	0
1746441	100649.375000	301.14	1.666364	-0.579396	-9.710882	0.030862	0.003192	-0.017027	305.34	0.00	0.15	0.30	-0.11	58.941375	0	0	0	0	0
1751441	100669.437500	301.14	1.661575	-0.565031	-9.701305	0.034055	0.001064	-0.014899	305.59	0.01	-0.36	-0.14	-0.11	57.186519	0	0	0	0	0
1756441	100653.140625	301.16	1.618480	-0.550666	-9.691728	0.032990	0.000000	-0.012770	305.44	0.01	-0.29	0.13	-0.11	58.611976	0	0	0	0	0
1761441	100653.140625	301.16	1.651999	-0.545877	-9.701305	0.030862	0.000000	-0.013834	305.59	0.00	-0.40	-0.14	-0.11	58.611976	0	0	0	0	0
1766441	100649.375000	301.14	1.642422	-0.569819	-9.682151	0.027669	0.005321	-0.017027	305.39	0.01	0.16	0.47	-0.11	58.941375	0	0	0	0	0
1771441	100665.671875	301.13	1.656787	-0.593762	-9.706093	0.032990	-0.001064	-0.012770	305.44	0.01	-0.23	0.15	-0.11	57.515872	0	0	0	0	0
1776441	100665.671875	301.13	1.647210	-0.588973	-9.701305	0.031926	-0.001064	-0.015963	305.44	0.00	-0.31	0.04	-0.11	57.515872	0	0	0	0	0
1781441	100681.968750	301.11	1.656787	-0.603338	-9.662998	0.032990	-0.001064	-0.019156	305.44	0.01	-0.67	-0.26	-0.11	56.090560	0	0	0	0	0
1786441	100665.671875	301.13	1.666364	-0.555454	-9.696516	0.034055	0.000000	-0.017027	305.54	0.01	-0.74	-0.21	-0.11	57.515872	0	0	0	0	0
1791441	100649.375000	301.14	1.671152	-0.598550	-9.691728	0.031926	0.003192	-0.014899	305.44	0.00	-0.15	0.40	-0.12	58.941375	0	0	0	0	0
1796441	100673.203125	301.16	1.666364	-0.565031	-9.682151	0.035119	0.001064	-0.012770	305.44	0.00	-0.81	0.07	-0.11	56.857173	0	0	0	0	0
1801441	100673.203125	301.16	1.642422	-0.555454	-9.682151	0.030862	0.001064	-0.014899	305.68	0.01	-1.48	-1.08	-0.11	56.857173	0	0	0	0	0
1806441	100653.140625	301.16	1.628057	-0.579396	-9.710882	0.031926	0.002128	-0.014899	305.39	0.00	-0.97	-0.54	-0.11	58.611976	0	0	0	0	0
1811441	100653.140625	301.16	1.666364	-0.565031	-9.686940	0.031926	0.000000	-0.015963	305.44	0.01	-0.78	-0.37	-0.11	58.611976	0	0	0	0	0
1816441	100653.140625	301.16	1.637633	-0.584185	-9.720458	0.030862	0.002128	-0.015963	305.59	0.00	-0.87	-0.26	-0.10	58.611976	0	0	0	0	0
1821441	100673.203125	301.16	1.637633	-0.584185	-9.696516	0.030862	0.001064	-0.015963	305.68	0.00	-1.13	-0.42	-0.11	56.857173	0	0	0	0	0
1826441	100653.140625	301.16	1.647210	-0.565031	-9.701305	0.030862	0.003192	-0.017027	305.39	0.00	-0.64	0.12	-0.11	58.611976	0	0	0	0	0
1831441	100669.437500	301.14	1.675941	-0.565031	-9.691728	0.030862	0.002128	-0.015963	305.39	0.00	-1.18	-0.28	-0.11	57.186519	0	0	0	0	0
1836441	100665.671875	301.13	1.618480	-0.588973	-9.696516	0.032990	0.001064	-0.014899	305.54	0.00	-0.76	0.17	-0.11	57.515872	0	0	0	0	0
1841441	100665.671875	301.13	1.628057	-0.555454	-9.706093	0.031926	0.000000	-0.013834	305.54	0.01	-1.22	-0.20	-0.11	57.515872	0	0	0	0	0
1846441	100681.968750	301.11	1.623268	-0.574608	-9.720458	0.030862	0.000000	-0.018091	305.34	0.00	-1.46	-0.44	-0.11	56.090560	0	0	0	0	0
1851441	100685.734375	301.13	1.642422	-0.569819	-9.667786	0.030862	0.002128	-0.014899	305.39	0.00	-1.47	-0.68	-0.12	55.761249	0	0	0	0	0
1856441	100645.609375	301.13	1.651999	-0.593762	-9.677363	0.032990	-0.001064	-0.012770	305.44	0.01	-0.46	0.30	-0.11	59.270786	0	0	0	0	0
1861441	100661.906250	301.11	1.656787	-0.550666	-9.691728	0.031926	0.001064	-0.017027	305.68	0.01	-1.10	-0.35	-0.10	57.845241	0	0	0	0	0
1866441	100661.906250	301.11	1.685518	-0.574608	-9.682151	0.030862	0.000000	-0.013834	305.54	0.00	-0.43	0.49	-0.11	57.845241	0	0	0	0	0
1871441	100641.843750	301.11	1.656787	-0.584185	-9.662998	0.031926	0.001064	-0.014899	305.54	0.01	-0.06	0.43	-0.12	59.600204	0	0	0	0	0
1876441	100661.906250	301.11	1.618480	-0.560243	-9.701305	0.031926	0.000000	-0.013834	305.39	0.01	-0.95	-0.27	-0.11	57.845241	0	0	0	0	0
1881441	100681.968750	301.11	1.675941	-0.555454	-9.686940	0.030862	0.000000	-0.015963	305.68	0.00	-1.18	-0.48	-0.11	56.090560	0	0	0	0	0
1886441	100678.203125	301.09	1.575384	-0.608127	-9.706093	0.030862	-0.001064	-0.012770	305.44	0.00	-1.03	-0.29	-0.11	56.419883	0	0	0	0	0
1891441	100678.203125	301.09	1.647210	-0.588973	-9.677363	0.030862	0.002128	-0.017027	305.44	0.01	-1.64	-0.69	-0.11	56.419883	0	0	0	0	0
1896441	100654.375000	301.08	1.671152	-0.588973	-9.701305	0.032990	0.001064	-0.015963	305.59	0.00	-1.16	-0.22	-0.11	58.504001	0	0	0	0	0
1901441	100674.437500	301.08	1.647210	-0.579396	-9.682151	0.030862	0.000000	-0.015963	305.39	0.01	-1.23	-0.29	-0.12	56.749214	0	0	0	0	0
1906441	100678.203125	301.09	1.637633	-0.541089	-9.686940	0.031926	0.001064	-0.017027	305.44	0.00	-0.96	-0.21	-0.12	56.419883	0	0	0	0	0
1911441	100658.140625	301.09	1.628057	-0.579396	-9.691728	0.031926	-0.001064	-0.015963	305.59	0.00	-1.48	-0.51	-0.11	58.174617	0	0	0	0	0
1916441	100658.140625	301.09	1.632845	-0.550666	-9.691728	0.031926	0.001064	-0.014899	305.44	0.01	-0.64	0.29	-0.11	58.174617	0	0	0	0	0
1921441	100641.843750	301.11	1.656787	-0.588973	-9.677363	0.034055	0.002128	-0.018091	305.54	0.00	-0.35	0.43	-0.12	59.600204	0	0	0	0	0
1926441	100665.671875	301.13	1.647210	-0.579396	-9.701305	0.029798	0.002128	-0.015963	305.54	0.00	-0.49	0.31	-0.11	57.515872	0	0	0	0	0
1931441	100658.140625	301.09	1.656787	-0.588973	-9.701305	0.030862	0.001064	-0.017027	305.34	0.00	-0.51	0.20	-0.11	58.174617	0	0	0	0	0
1936441	100658.140625	301.09	1.637633	-0.579396	-9.696516	0.030862	0.002128	-0.014899	305.24	0.01	-0.81	-0.14	-0.11	58.174617	0	0	0	0	0
1941441	100661.906250	301.11	1.642422	-0.603338	-9.677363	0.032990	0.001064	-0.015963	305.59	0.00	-0.56	0.22	-0.11	57.845241	0	0	0	0	0
1946441	100681.968750	301.11	1.704671	-0.574608	-9.691728	0.031926	0.003192	-0.015963	305.39	0.01	-0.94	-0.26	-0.11	56.090560	0	0	0	0	0
1951441	100681.968750	301.11	1.642422	-0.608127	-9.706093	0.031926	0.002128	-0.015963	305.44	0.00	-1.34	-0.65	-0.11	56.090560	0	0	0	0	0
1956441	100665.671875	301.13	1.651999	-0.612915	-9.682151	0.032990	0.002128	-0.018091	305.44	0.00	-0.93	-0.21	-0.11	57.515872	0	0	0	0	0
1961441	100665.671875	301.13	1.637633	-0.569819	-9.701305	0.031926	0.003192	-0.012770	305.54	0.01	-1.05	-0.46	-0.10	57.515872	0	0	0	0	0
1966441	100669.437500	301.14	1.618480	-0.598550	-9.710882	0.031926	0.003192	-0.017027	305.54	0.00	-0.91	-0.12	-0.11	57.186519	0	0	0	0	0
1971441	100665.671875	301.13	1.661575	-0.588973	-9.715670	0.032990	-0.001064	-0.014899	305.54	0.00	-0.59	0.13	-0.11	57.515872	0	0	0	0	0
1976441	100658.140625	301.09	1.637633	-0.574608	-9.691728	0.030862	0.001064	-0.015963	305.34	0.01	-1.33	-0.67	-0.11	58.174617	0	0	0	0	0
1981441	100654.375000	301.08	1.666364	-0.555454	-9.682151	0.032990	-0.001064	-0.017027	305.54	0.00	-0.10	0.46	-0.11	58.504001	0	0	0	0	0
1986441	100650.609375	301.06	1.675941	-0.569819	-9.672574	0.029798	0.001064	-0.015963	305.68	0.00	-0.15	0.29	-0.11	58.833396	0	0	0	0	0
1991441	100670.656250	301.06	1.656787	-0.579396	-9.691728	0.032990	0.003192	-0.017027	305.39	0.00	-0.94	-0.20	-0.11	57.079925	0	0	0	0	0
1996441	100666.906250	301.04	1.637633	-0.593762	-9.691728	0.030862	0.002128	-0.015963	305.34	0.01	-1.02	-0.34	-0.11	57.407909	0	0	0	0	0
2001441	100646.843750	301.04	1.675941	-0.574608	-9.677363	0.031926	0.001064	-0.012770	305.34	0.00	-0.47	0.00	-0.12	59.162803	0	0	0	0	0
2006441	100670.656250	301.06	1.661575	-0.579396	-9.701305	0.030862	0.000000	-0.014899	305.44	0.00	-0.79	-0.37	-0.11	57.079925	0	0	0	0	0
2011441	100650.609375	301.06	1.666364	-0.579396	-9.696516	0.032990	-0.001064	-0.018091	305.44	0.00	-0.52	-0.29	-0.11	58.833396	0	0	0	0	0
2016441	100654.375000	301.08	1.680729	-0.588973	-9.696516	0.034055	0.003192	-0.013834	305.34	0.00	-0.10	-0.07	-0.11	58.504001	0	0	0	0	0
2021441	100654.375000	301.08	1.661575	-0.555454	-9.677363	0.034055	0.000000	-0.015963	305.54	0.00	-0.23	-0.21	-0.11	58.504001	0	0	0	0	0
2026441	100658.140625	301.09	1.651999	-0.588973	-9.696516	0.031926	0.003192	-0.014899	305.44	0.01	-0.70	-0.69	-0.11	58.174617	0	0	0	0	0
2031441	100650.609375	301.06	1.647210	-0.569819	-9.720458	0.032990	0.002128	-0.013834	305.39	0.00	0.29	0.15	-0.11	58.833396	0	0	0	0	0
2036441	100650.609375	301.06	1.671152	-0.584185	-9.691728	0.031926	0.002128	-0.018091	305.20	0.00	0.46	0.21	-0.11	58.833396	0	0	0	0	0
2041441	100650.609375	301.06	1.666364	-0.574608	-9.677363	0.034055	-0.001064	-0.010642	305.39	0.00	-0.36	-0.45	-0.11	58.833396	0	0	0	0	0
2046441	100654.375000	301.08	1.637633	-0.574608	-9.677363	0.032990	0.000000	-0.013834	305.54	0.00	0.11	-0.05	-0.11	58.504001	0	0	0	0	0
2051441	100650.609375	301.06	1.623268	-0.598550	-9.677363	0.030862	-0.002128	-0.012770	305.44	0.01	0.18	-0.11	-0.11	58.833396	0	0	0	0	0
2056441	100650.609375	301.06	1.661575	-0.588973	-9.682151	0.032990	0.001064	-0.017027	305.44	0.01	0.67	0.24	-0.11	58.833396	0	0	0	0	0
2061441	100654.375000	301.08	1.656787	-0.608127	-9.691728	0.032990	-0.001064	-0.014899	305.34	0.00	0.65	0.13	-0.11	58.504001	0	0	0	0	0
2066441	100634.312500	301.08	1.637633	-0.612915	-9.686940	0.031926	0.000000	-0.017027	305.44	0.00	0.35	-0.24	-0.11	60.259071	0	0	0	0	0
2071441	100650.609375	301.06	1.656787	-0.579396	-9.730035	0.030862	0.000000	-0.017027	305.54	0.00	0.40	-0.26	-0.11	58.833396	0	0	0	0	0
2076441	100646.843750	301.04	1.656787	-0.569819	-9.696516	0.032990	0.001064	-0.014899	305.44	0.00	0.43	-0.32	-0.10	59.162803	0	0	0	0	0
2081441	100666.906250	301.04	1.651999	-0.560243	-9.701305	0.031926	-0.001064	-0.015963	305.44	0.01	0.17	-0.55	-0.11	57.407909	0	0	0	0	0
2086441	100646.843750	301.04	1.623268	-0.608127	-9.686940	0.032990	0.000000	-0.018091	305.54	0.01	0.55	-0.34	-0.11	59.162803	0	0	0	0	0
2091441	100663.109375	301.03	1.651999	-0.574608	-9.701305	0.031926	0.000000	-0.015963	305.20	0.00	0.64	-0.27	-0.11	57.740005	0	0	0	0	0
2096441	100646.843750	301.04	1.618480	-0.584185	-9.682151	0.030862	0.002128	-0.012770	305.68	0.00	0.47	-0.32	-0.11	59.162803	0	0	0	0	0
2101441	100650.609375	301.06	1.647210	-0.593762	-9.710882	0.030862	0.000000	-0.014899	305.20	0.01	0.56	-0.36	-0.11	58.833396	0	0	0	0	0
2106441	100630.546875	301.06	1.685518	-0.555454	-9.686940	0.034055	-0.001064	-0.011706	305.24	0.00	1.05	0.03	-0.11	60.588520	0	0	0	0	0
2111441	100639.281250	301.01	1.690306	-0.565031	-9.686940	0.031926	0.001064	-0.015963	305.54	0.01	1.55	0.37	-0.10	59.824378	0	0	0	0	0
2116441	100644.281250	300.94	1.651999	-0.574608	-9.672574	0.032990	0.000000	-0.014899	305.20	0.01	1.20	-0.05	-0.10	59.386970	0	0	0	0	0
2121441	100644.281250	300.94	1.642422	-0.565031	-9.701305	0.030862	0.001064	-0.015963	305.24	0.00	0.90	-0.43	-0.10	59.386970	0	0	0	0	0
2126441	100627.984375	300.96	1.651999	-0.574608	-9.682151	0.031926	0.001064	-0.017027	305.34	0.00	2.24	0.51	-0.12	60.812713	0	0	0	0	0
2131441	100627.984375	300.96	1.637633	-0.555454	-9.701305	0.031926	-0.001064	-0.018091	305.24	0.01	2.07	0.37	-0.11	60.812713	0	0	0	0	0
2136441	100631.765625	300.98	1.656787	-0.565031	-9.686940	0.029798	0.003192	-0.018091	305.34	0.00	1.90	0.03	-0.11	60.481891	0	0	0	0	0
2141441	100627.984375	300.96	1.637633	-0.550666	-9.667786	0.034055	0.000000	-0.018091	305.20	0.01	1.42	-0.53	-0.11	60.812713	0	0	0	0	0
2146441	100631.765625	300.98	1.637633	-0.574608	-9.682151	0.031926	-0.001064	-0.014899	305.20	0.01	2.37	0.36	-0.11	60.481891	0	0	0	0	0
2151441	100651.812500	300.98	1.699883	-0.545877	-9.682151	0.035119	0.003192	-0.013834	305.34	0.00	-0.48	-0.61	-0.11	58.689926	0	0	0	0	0
2156441	100635.515625	300.99	1.651999	-0.560243	-9.658209	0.032990	0.000000	-0.014899	305.34	0.00	-0.24	-0.31	-0.11	60.114658	0	0	0	0	0
2161441	100620.453125	300.93	1.608903	-0.574608	-9.701305	0.031926	0.000000	-0.014899	305.24	0.01	0.12	0.11	-0.11	61.431644	0	0	0	0	0
2166441	100644.281250	300.94	1.628057	-0.574608	-9.710882	0.029798	0.001064	-0.014899	305.20	0.00	-0.55	-0.62	-0.12	59.348312	0	0	0	0	0
2171441	100636.750000	300.91	1.647210	-0.545877	-9.706093	0.032990	0.001064	-0.018091	305.39	0.01	0.15	0.11	-0.10	60.006736	0	0	0	0	0
2176441	100620.453125	300.93	1.517923	-0.488417	-9.744400	0.031926	0.000000	-0.015963	305.44	0.01	0.34	0.17	-0.11	61.431644	0	0	0	0	0
2181441	100620.453125	300.93	1.666364	-0.608127	-9.710882	0.031926	0.002128	-0.018091	305.39	0.00	0.49	0.23	-0.11	61.431644	0	0	0	0	0
2186441	100640.500000	300.93	1.613691	-0.598550	-9.710882	0.030862	0.000000	-0.015963	305.20	0.01	0.06	-0.55	-0.11	59.678886	0	0	0	0	0
2191441	100627.984375	300.96	1.642422	-0.612915	-9.686940	0.030862	-0.001064	-0.015963	305.24	0.01	0.77	0.18	-0.12	60.773132	0	0	0	0	0
2196441	100631.765625	300.98	1.656787	-0.574608	-9.677363	0.031926	0.000000	-0.015963	305.34	0.00	0.14	-0.38	-0.11	60.442523	0	0	0	0	0
2201441	100627.984375	300.96	1.628057	-0.598550	-9.677363	0.032990	0.001064	-0.013834	305.34	0.00	0.23	-0.41	-0.11	60.773132	0	0	0	0	0
2206441	100651.812500	300.98	1.637633	-0.598550	-9.682151	0.030862	0.002128	-0.018091	305.20	0.01	0.42	-0.30	-0.11	58.689926	0	0	0	0	0
2211441	100607.937500	300.96	1.637633	-0.603338	-9.696516	0.032990	0.000000	-0.015963	305.44	0.00	0.95	-0.04	-0.11	62.526062	0	0	0	0	0
2216441	100604.171875	300.94	1.637633	-0.579396	-9.653421	0.031926	0.001064	-0.014899	305.34	0.01	1.51	0.39	-0.12	62.855369	0	0	0	0	0
2221441	100607.937500	300.96	1.666364	-0.574608	-9.662998	0.031926	0.000000	-0.014899	305.39	0.01	0.68	-0.46	-0.11	62.526062	0	0	0	0	0
2226441	100627.984375	300.96	1.642422	-0.579396	-9.725247	0.029798	0.000000	-0.017027	305.44	0.00	1.40	0.05	-0.11	60.773132	0	0	0	0	0
2231441	100607.937500	300.96	1.647210	-0.550666	-9.677363	0.034055	0.003192	-0.015963	305.24	0.00	1.36	-0.01	-0.11	62.526062	0	0	0	0	0
2236441	100611.703125	300.98	1.690306	-0.608127	-9.686940	0.031926	-0.001064	-0.012770	305.24	0.00	1.34	-0.01	-0.11	62.196769	0	0	0	0	0
2241441	100607.937500	300.96	1.656787	-0.574608	-9.710882	0.034055	0.001064	-0.011706	305.39	0.00	1.43	0.08	-0.10	62.526062	0	0	0	0	0
2246441	100611.703125	300.98	1.647210	-0.593762	-9.710882	0.032990	0.000000	-0.017027	305.34	0.00	1.75	0.21	-0.11	62.196769	0	0	0	0	0
2251441	100627.984375	300.96	1.651999	-0.579396	-9.696516	0.032990	0.001064	-0.013834	305.24	0.00	1.23	-0.17	-0.11	60.773132	0	0	0	0	0
2256441	100620.453125	300.93	1.613691	-0.565031	-9.677363	0.029798	0.001064	-0.012770	305.00	0.00	1.01	-0.35	-0.10	61.431644	0	0	0	0	0
2261441	100620.453125	300.93	1.647210	-0.565031	-9.706093	0.031926	0.002128	-0.017027	305.20	0.01	1.46	0.01	-0.10	61.431644	0	0	0	0	0
2266441	100612.921875	300.89	1.647210	-0.584185	-9.696516	0.030862	0.002128	-0.015963	305.00	0.01	1.54	0.19	-0.11	62.090194	0	0	0	0	0
2271441	100632.984375	300.89	1.642422	-0.608127	-9.672574	0.031926	0.003192	-0.014899	305.34	0.00	1.31	-0.01	-0.11	60.335964	0	0	0	0	0
2276441	100616.703125	300.91	1.642422	-0.608127	-9.691728	0.032990	0.001064	-0.014899	305.34	0.00	1.14	-0.41	-0.11	61.759548	0	0	0	0	0
2281441	100616.703125	300.91	1.647210	-0.550666	-9.710882	0.031926	0.002128	-0.013834	305.20	0.01	1.15	-0.51	-0.11	61.759548	0	0	0	0	0
2286441	100620.453125	300.93	1.642422	-0.569819	-9.691728	0.036183	0.001064	-0.013834	305.24	0.00	1.44	-0.21	-0.11	61.431644	0	0	0	0	0
2291441	100600.390625	300.93	1.671152	-0.574608	-9.686940	0.032990	0.001064	-0.013834	305.44	0.01	2.10	0.14	-0.11	63.186050	0	0	0	0	0
2296441	100616.703125	300.91	1.647210	-0.588973	-9.691728	0.035119	0.000000	-0.012770	305.20	0.00	1.88	-0.17	-0.10	61.759548	0	0	0	0	0
2301441	100596.640625	300.91	1.623268	-0.584185	-9.701305	0.034055	0.002128	-0.018091	305.44	0.00	1.75	-0.17	-0.11	63.514007	0	0	0	0	0
2306441	100600.390625	300.93	1.647210	-0.579396	-9.706093	0.029798	0.002128	-0.015963	305.44	0.01	2.03	-0.01	-0.12	63.186050	0	0	0	0	0
2311441	100607.937500	300.96	1.675941	-0.565031	-9.682151	0.030862	0.001064	-0.017027	305.20	0.00	0.09	0.07	-0.12	62.518474	0	0	0	0	0
2316441	100611.703125	300.98	1.647210	-0.569819	-9.696516	0.032990	0.001064	-0.017027	305.20	0.00	0.13	0.18	-0.12	62.189220	0	0	0	0	0
2321441	100611.703125	300.98	1.690306	-0.612915	-9.677363	0.031926	0.000000	-0.017027	305.34	0.01	-0.47	-0.37	-0.11	62.189220	0	0	0	0	0
2326441	100604.171875	300.94	1.656787	-0.612915	-9.667786	0.034055	0.000000	-0.014899	305.59	0.00	-0.27	-0.03	-0.11	62.847740	0	0	0	0	0
2331441	100627.984375	300.96	1.637633	-0.584185	-9.653421	0.030862	0.002128	-0.014899	305.39	0.00	-0.66	-0.43	-0.11	60.765754	0	0	0	0	0
2336441	100591.640625	300.98	1.637633	-0.565031	-9.672574	0.029798	0.000000	-0.017027	305.44	0.00	0.20	0.49	-0.12	63.943538	0	0	0	0	0
2341441	100611.703125	300.98	1.843535	0.043095	-9.605537	0.034055	0.001064	-0.009578	305.68	0.00	-0.86	-0.80	-0.11	62.189220	0	0	0	0	0
2346441	100599.171875	301.01	1.800439	0.038307	-9.251194	0.026605	-0.002128	-0.013834	305.34	0.00	-0.02	0.01	-0.18	63.284954	0	0	0	0	0
2351441	100595.406250	300.99	1.848323	0.062249	-9.777919	0.026605	0.002128	-0.020220	305.39	0.00	0.33	0.41	-0.11	63.614238	0	0	0	0	0
2356441	100619.218750	301.01	1.647210	0.210689	-10.017339	0.028734	0.004256	-0.019156	305.54	0.01	-0.75	-0.55	-0.08	61.532108	0	0	0	0	0
2361441	100602.937500	301.03	1.786074	0.062249	-9.686940	0.034055	0.000000	-0.014899	305.20	0.00	-0.57	-0.24	-0.13	62.955673	0	0	0	0	0
2366441	100606.734375	301.04	1.771709	0.047884	-9.686940	0.034055	0.001064	-0.012770	305.24	0.01	-0.36	-0.05	-0.13	62.623676	0	0	0	0	0
2371441	100610.484375	301.06	1.829170	0.028730	-9.672574	0.031926	0.001064	-0.014899	305.34	0.00	-0.34	-0.07	-0.12	62.295783	0	0	0	0	0
